X1	X2	Clust
4617260	4617260	whitebritish
2898765	2898765	whitebritish
3342219	3342219	whitebritish
1841952	1841952	whitebritish
4353952	4353952	whitebritish
5221901	5221901	whitebritish
3107169	3107169	whitebritish
2584251	2584251	whitebritish
3922539	3922539	whitebritish
3144232	3144232	whitebritish
5418979	5418979	whitebritish
2068387	2068387	whitebritish
1867686	1867686	whitebritish
3726736	3726736	whitebritish
1313785	1313785	whitebritish
3282193	3282193	whitebritish
1421877	1421877	whitebritish
5014973	5014973	whitebritish
3113524	3113524	whitebritish
2722076	2722076	whitebritish
2422159	2422159	whitebritish
2545872	2545872	whitebritish
4505365	4505365	whitebritish
2907083	2907083	whitebritish
3982571	3982571	whitebritish
3777174	3777174	whitebritish
2599261	2599261	whitebritish
4223159	4223159	whitebritish
1331225	1331225	whitebritish
1543325	1543325	whitebritish
2582068	2582068	whitebritish
1950645	1950645	whitebritish
5211783	5211783	whitebritish
2070310	2070310	whitebritish
1010315	1010315	whitebritish
2363679	2363679	whitebritish
5302445	5302445	whitebritish
3724080	3724080	whitebritish
3203572	3203572	whitebritish
4324487	4324487	whitebritish
2298909	2298909	whitebritish
5479416	5479416	whitebritish
5525418	5525418	whitebritish
1754578	1754578	whitebritish
5717901	5717901	whitebritish
5303384	5303384	whitebritish
2582614	2582614	whitebritish
3544674	3544674	whitebritish
1334955	1334955	whitebritish
5682877	5682877	whitebritish
5548980	5548980	whitebritish
5684954	5684954	whitebritish
3845304	3845304	whitebritish
2867590	2867590	whitebritish
5517994	5517994	whitebritish
3259750	3259750	whitebritish
3659406	3659406	whitebritish
1340766	1340766	whitebritish
1331661	1331661	whitebritish
3492594	3492594	whitebritish
2579149	2579149	whitebritish
4443000	4443000	whitebritish
3242035	3242035	whitebritish
4118278	4118278	whitebritish
4317122	4317122	whitebritish
4438634	4438634	whitebritish
3434594	3434594	whitebritish
1743102	1743102	whitebritish
3316063	3316063	whitebritish
2950678	2950678	whitebritish
2236383	2236383	whitebritish
5060216	5060216	whitebritish
2801841	2801841	whitebritish
3418555	3418555	whitebritish
3754882	3754882	whitebritish
3369779	3369779	whitebritish
1972017	1972017	whitebritish
1522397	1522397	whitebritish
2983251	2983251	whitebritish
1184630	1184630	whitebritish
3504440	3504440	whitebritish
4246931	4246931	whitebritish
3215177	3215177	whitebritish
2062990	2062990	whitebritish
4921673	4921673	whitebritish
2552044	2552044	whitebritish
3609551	3609551	whitebritish
4135178	4135178	whitebritish
5711820	5711820	whitebritish
1220644	1220644	whitebritish
3434717	3434717	whitebritish
4172928	4172928	whitebritish
4658142	4658142	whitebritish
5663651	5663651	whitebritish
5530935	5530935	whitebritish
2186688	2186688	whitebritish
1800561	1800561	whitebritish
1634377	1634377	whitebritish
5990854	5990854	whitebritish
4603703	4603703	whitebritish
5124876	5124876	whitebritish
5272451	5272451	whitebritish
5605769	5605769	whitebritish
5489836	5489836	whitebritish
4173498	4173498	whitebritish
2893700	2893700	whitebritish
3002020	3002020	whitebritish
2165451	2165451	whitebritish
1130790	1130790	whitebritish
4235039	4235039	whitebritish
4520844	4520844	whitebritish
1729088	1729088	whitebritish
5656541	5656541	whitebritish
5000070	5000070	whitebritish
5161102	5161102	whitebritish
4280477	4280477	whitebritish
5775522	5775522	whitebritish
5030883	5030883	whitebritish
4927212	4927212	whitebritish
4071380	4071380	whitebritish
3396463	3396463	whitebritish
1575730	1575730	whitebritish
1585548	1585548	whitebritish
4065119	4065119	whitebritish
2791434	2791434	whitebritish
5519793	5519793	whitebritish
3630901	3630901	whitebritish
5357929	5357929	whitebritish
5274019	5274019	whitebritish
2731513	2731513	whitebritish
3466526	3466526	whitebritish
2065578	2065578	whitebritish
5805432	5805432	whitebritish
4430041	4430041	whitebritish
2874161	2874161	whitebritish
2916712	2916712	whitebritish
3589072	3589072	whitebritish
5062141	5062141	whitebritish
3807792	3807792	whitebritish
1348869	1348869	whitebritish
2539091	2539091	whitebritish
5932400	5932400	whitebritish
5512160	5512160	whitebritish
4523890	4523890	whitebritish
3564473	3564473	whitebritish
3993535	3993535	whitebritish
3871979	3871979	whitebritish
5860832	5860832	whitebritish
2389245	2389245	whitebritish
3267896	3267896	whitebritish
2871108	2871108	whitebritish
5329152	5329152	whitebritish
3291357	3291357	whitebritish
1026398	1026398	whitebritish
2639491	2639491	whitebritish
4827179	4827179	whitebritish
1823362	1823362	whitebritish
5774857	5774857	whitebritish
2861138	2861138	whitebritish
2060418	2060418	whitebritish
1437917	1437917	whitebritish
2947351	2947351	whitebritish
4832082	4832082	whitebritish
2754113	2754113	whitebritish
2767067	2767067	whitebritish
3382446	3382446	whitebritish
2978584	2978584	whitebritish
1666511	1666511	whitebritish
4126650	4126650	whitebritish
5200211	5200211	whitebritish
2782836	2782836	whitebritish
3387915	3387915	whitebritish
1140223	1140223	whitebritish
2368046	2368046	whitebritish
1085010	1085010	whitebritish
3963276	3963276	whitebritish
2885558	2885558	whitebritish
4004144	4004144	whitebritish
5904359	5904359	whitebritish
1748621	1748621	whitebritish
2164056	2164056	whitebritish
4789345	4789345	whitebritish
3483027	3483027	whitebritish
1147664	1147664	whitebritish
4562635	4562635	whitebritish
4937503	4937503	whitebritish
5091034	5091034	whitebritish
3190691	3190691	whitebritish
3847068	3847068	whitebritish
3024210	3024210	whitebritish
3766926	3766926	whitebritish
2069725	2069725	whitebritish
1843247	1843247	whitebritish
3015205	3015205	whitebritish
2764561	2764561	whitebritish
5103269	5103269	whitebritish
5823999	5823999	whitebritish
1447386	1447386	whitebritish
4424968	4424968	whitebritish
2777124	2777124	whitebritish
2243136	2243136	whitebritish
4915348	4915348	whitebritish
5150226	5150226	whitebritish
4795994	4795994	whitebritish
1813480	1813480	whitebritish
3486017	3486017	whitebritish
1560682	1560682	whitebritish
3592954	3592954	whitebritish
3077175	3077175	whitebritish
2332344	2332344	whitebritish
2695846	2695846	whitebritish
4600701	4600701	whitebritish
1818269	1818269	whitebritish
1744715	1744715	whitebritish
1195095	1195095	whitebritish
4323054	4323054	whitebritish
3837701	3837701	whitebritish
2882569	2882569	whitebritish
5588395	5588395	whitebritish
1376827	1376827	whitebritish
4373577	4373577	whitebritish
1759327	1759327	whitebritish
3183157	3183157	whitebritish
5246509	5246509	whitebritish
2717427	2717427	whitebritish
1089849	1089849	whitebritish
3768597	3768597	whitebritish
5824736	5824736	whitebritish
1993383	1993383	whitebritish
4947943	4947943	whitebritish
2536292	2536292	whitebritish
1987612	1987612	whitebritish
3953329	3953329	whitebritish
4575135	4575135	whitebritish
1587504	1587504	whitebritish
4923686	4923686	whitebritish
4183625	4183625	whitebritish
1402509	1402509	whitebritish
5380079	5380079	whitebritish
2700861	2700861	whitebritish
1354577	1354577	whitebritish
3409669	3409669	whitebritish
5318282	5318282	whitebritish
4728968	4728968	whitebritish
1967512	1967512	whitebritish
2190127	2190127	whitebritish
3495699	3495699	whitebritish
3365168	3365168	whitebritish
2724102	2724102	whitebritish
5133288	5133288	whitebritish
3830951	3830951	whitebritish
5298690	5298690	whitebritish
1050775	1050775	whitebritish
2632988	2632988	whitebritish
4219519	4219519	whitebritish
4440192	4440192	whitebritish
1230464	1230464	whitebritish
1029233	1029233	whitebritish
5736955	5736955	whitebritish
4433997	4433997	whitebritish
4297595	4297595	whitebritish
1099295	1099295	whitebritish
4309296	4309296	whitebritish
3791082	3791082	whitebritish
2055212	2055212	whitebritish
3644499	3644499	whitebritish
3987859	3987859	whitebritish
1034867	1034867	whitebritish
5129240	5129240	whitebritish
1776915	1776915	whitebritish
4815861	4815861	whitebritish
1627490	1627490	whitebritish
3436392	3436392	whitebritish
5405559	5405559	whitebritish
2346971	2346971	whitebritish
1073545	1073545	whitebritish
5306621	5306621	whitebritish
5100184	5100184	whitebritish
1988423	1988423	whitebritish
5793690	5793690	whitebritish
4636118	4636118	whitebritish
3111358	3111358	whitebritish
3808340	3808340	whitebritish
4455639	4455639	whitebritish
1381776	1381776	whitebritish
3399523	3399523	whitebritish
4059394	4059394	whitebritish
3420544	3420544	whitebritish
4880232	4880232	whitebritish
3452963	3452963	whitebritish
1812104	1812104	whitebritish
2903451	2903451	whitebritish
2403655	2403655	whitebritish
4421633	4421633	whitebritish
3580780	3580780	whitebritish
5770748	5770748	whitebritish
1412352	1412352	whitebritish
1358087	1358087	whitebritish
3146203	3146203	whitebritish
2351589	2351589	whitebritish
5369290	5369290	whitebritish
3354876	3354876	whitebritish
4130905	4130905	whitebritish
2359442	2359442	whitebritish
1791163	1791163	whitebritish
4861814	4861814	whitebritish
3353833	3353833	whitebritish
3574659	3574659	whitebritish
5589155	5589155	whitebritish
1147300	1147300	whitebritish
4587964	4587964	whitebritish
1086502	1086502	whitebritish
5811899	5811899	whitebritish
2045770	2045770	whitebritish
2478514	2478514	whitebritish
5825072	5825072	whitebritish
3537655	3537655	whitebritish
3212433	3212433	whitebritish
1952561	1952561	whitebritish
2531351	2531351	whitebritish
1433372	1433372	whitebritish
2480621	2480621	whitebritish
5446549	5446549	whitebritish
2203853	2203853	whitebritish
2682069	2682069	whitebritish
4480172	4480172	whitebritish
1099167	1099167	whitebritish
1393129	1393129	whitebritish
3075129	3075129	whitebritish
5072489	5072489	whitebritish
2709473	2709473	whitebritish
5052496	5052496	whitebritish
2065960	2065960	whitebritish
2909965	2909965	whitebritish
4770830	4770830	whitebritish
4399854	4399854	whitebritish
3157233	3157233	whitebritish
4543989	4543989	whitebritish
4754047	4754047	whitebritish
5270336	5270336	whitebritish
2565811	2565811	whitebritish
3945620	3945620	whitebritish
4354736	4354736	whitebritish
3451209	3451209	whitebritish
5441250	5441250	whitebritish
1544017	1544017	whitebritish
2293822	2293822	whitebritish
5306113	5306113	whitebritish
2752132	2752132	whitebritish
1644307	1644307	whitebritish
1805502	1805502	whitebritish
4566007	4566007	whitebritish
1379137	1379137	whitebritish
2078060	2078060	whitebritish
1241399	1241399	whitebritish
1262327	1262327	whitebritish
1456389	1456389	whitebritish
5783451	5783451	whitebritish
2937730	2937730	whitebritish
2155774	2155774	whitebritish
2630741	2630741	whitebritish
2097208	2097208	whitebritish
2859534	2859534	whitebritish
5615327	5615327	whitebritish
1049213	1049213	whitebritish
4072026	4072026	whitebritish
1285334	1285334	whitebritish
3521663	3521663	whitebritish
4964174	4964174	whitebritish
1140668	1140668	whitebritish
1190404	1190404	whitebritish
3611120	3611120	whitebritish
4445174	4445174	whitebritish
2923107	2923107	whitebritish
4844598	4844598	whitebritish
4479454	4479454	whitebritish
2125802	2125802	whitebritish
2836027	2836027	whitebritish
2739866	2739866	whitebritish
3287878	3287878	whitebritish
2567265	2567265	whitebritish
5602118	5602118	whitebritish
1501868	1501868	whitebritish
5037505	5037505	whitebritish
4162947	4162947	whitebritish
2034699	2034699	whitebritish
4561376	4561376	whitebritish
5030157	5030157	whitebritish
4009045	4009045	whitebritish
4662850	4662850	whitebritish
4500277	4500277	whitebritish
2518164	2518164	whitebritish
1615338	1615338	whitebritish
1747986	1747986	whitebritish
5460487	5460487	whitebritish
2490831	2490831	whitebritish
2323032	2323032	whitebritish
2476508	2476508	whitebritish
5896009	5896009	whitebritish
2652264	2652264	whitebritish
2975097	2975097	whitebritish
5480244	5480244	whitebritish
1789387	1789387	whitebritish
1959619	1959619	whitebritish
1207452	1207452	whitebritish
5416131	5416131	whitebritish
4282917	4282917	whitebritish
3761719	3761719	whitebritish
4072267	4072267	whitebritish
3465098	3465098	whitebritish
4900632	4900632	whitebritish
3222259	3222259	whitebritish
1507138	1507138	whitebritish
1979445	1979445	whitebritish
5069144	5069144	whitebritish
5074434	5074434	whitebritish
2515177	2515177	whitebritish
5140530	5140530	whitebritish
3581912	3581912	whitebritish
4202756	4202756	whitebritish
3776979	3776979	whitebritish
5912272	5912272	whitebritish
4180663	4180663	whitebritish
5436310	5436310	whitebritish
3506046	3506046	whitebritish
1462743	1462743	whitebritish
5128774	5128774	whitebritish
3374816	3374816	whitebritish
4346182	4346182	whitebritish
1063635	1063635	whitebritish
3305349	3305349	whitebritish
5334429	5334429	whitebritish
5786662	5786662	whitebritish
4442821	4442821	whitebritish
5694812	5694812	whitebritish
4555957	4555957	whitebritish
3948999	3948999	whitebritish
1009087	1009087	whitebritish
4081721	4081721	whitebritish
3763539	3763539	whitebritish
5995030	5995030	whitebritish
2153862	2153862	whitebritish
1611838	1611838	whitebritish
2930135	2930135	whitebritish
1109593	1109593	whitebritish
5458863	5458863	whitebritish
3629428	3629428	whitebritish
1894148	1894148	whitebritish
1629004	1629004	whitebritish
1344754	1344754	whitebritish
1156531	1156531	whitebritish
4840422	4840422	whitebritish
1138460	1138460	whitebritish
5542715	5542715	whitebritish
4547100	4547100	whitebritish
2054231	2054231	whitebritish
3315600	3315600	whitebritish
4580523	4580523	whitebritish
1474415	1474415	whitebritish
4935518	4935518	whitebritish
1849208	1849208	whitebritish
4831258	4831258	whitebritish
1671142	1671142	whitebritish
5657777	5657777	whitebritish
3596354	3596354	whitebritish
2444961	2444961	whitebritish
2253643	2253643	whitebritish
1565195	1565195	whitebritish
1512774	1512774	whitebritish
4616098	4616098	whitebritish
5163260	5163260	whitebritish
3717724	3717724	whitebritish
1076807	1076807	whitebritish
1684539	1684539	whitebritish
4033831	4033831	whitebritish
5401400	5401400	whitebritish
5704626	5704626	whitebritish
5799772	5799772	whitebritish
3413588	3413588	whitebritish
3449778	3449778	whitebritish
1857993	1857993	whitebritish
3404189	3404189	whitebritish
5599460	5599460	whitebritish
1627478	1627478	whitebritish
1886065	1886065	whitebritish
5286003	5286003	whitebritish
3055670	3055670	whitebritish
1699517	1699517	whitebritish
3591778	3591778	whitebritish
5090129	5090129	whitebritish
4075722	4075722	whitebritish
1434038	1434038	whitebritish
5903355	5903355	whitebritish
3351896	3351896	whitebritish
5434472	5434472	whitebritish
4761371	4761371	whitebritish
2051636	2051636	whitebritish
4434875	4434875	whitebritish
4913617	4913617	whitebritish
1501685	1501685	whitebritish
1633657	1633657	whitebritish
1539439	1539439	whitebritish
1382525	1382525	whitebritish
4580977	4580977	whitebritish
2221585	2221585	whitebritish
3952718	3952718	whitebritish
1306305	1306305	whitebritish
6019375	6019375	whitebritish
3601571	3601571	whitebritish
3008714	3008714	whitebritish
1648896	1648896	whitebritish
4525500	4525500	whitebritish
4207548	4207548	whitebritish
2146582	2146582	whitebritish
5075015	5075015	whitebritish
2338397	2338397	whitebritish
3651787	3651787	whitebritish
3971616	3971616	whitebritish
5753651	5753651	whitebritish
2834743	2834743	whitebritish
1759687	1759687	whitebritish
1473352	1473352	whitebritish
2196839	2196839	whitebritish
1828794	1828794	whitebritish
4946980	4946980	whitebritish
1177165	1177165	whitebritish
4854304	4854304	whitebritish
2112133	2112133	whitebritish
2580905	2580905	whitebritish
3600842	3600842	whitebritish
4488350	4488350	whitebritish
4118196	4118196	whitebritish
5106759	5106759	whitebritish
1372779	1372779	whitebritish
2354817	2354817	whitebritish
4184633	4184633	whitebritish
5154419	5154419	whitebritish
5998387	5998387	whitebritish
1941648	1941648	whitebritish
5607792	5607792	whitebritish
5092040	5092040	whitebritish
4620956	4620956	whitebritish
3492726	3492726	whitebritish
5971949	5971949	whitebritish
4663678	4663678	whitebritish
5610029	5610029	whitebritish
4493955	4493955	whitebritish
4765639	4765639	whitebritish
5961066	5961066	whitebritish
2430334	2430334	whitebritish
4581164	4581164	whitebritish
3089507	3089507	whitebritish
2242118	2242118	whitebritish
5031869	5031869	whitebritish
1076244	1076244	whitebritish
5675475	5675475	whitebritish
2610055	2610055	whitebritish
3887691	3887691	whitebritish
1313997	1313997	whitebritish
1518929	1518929	whitebritish
2655208	2655208	whitebritish
4802421	4802421	whitebritish
1019610	1019610	whitebritish
3431934	3431934	whitebritish
5853584	5853584	whitebritish
5850848	5850848	whitebritish
2854506	2854506	whitebritish
4322206	4322206	whitebritish
3231636	3231636	whitebritish
5555218	5555218	whitebritish
4322125	4322125	whitebritish
5105737	5105737	whitebritish
3704169	3704169	whitebritish
1607893	1607893	whitebritish
2009586	2009586	whitebritish
3371609	3371609	whitebritish
5846002	5846002	whitebritish
2044956	2044956	whitebritish
2194294	2194294	whitebritish
5856324	5856324	whitebritish
3859208	3859208	whitebritish
5217258	5217258	whitebritish
1642983	1642983	whitebritish
4534197	4534197	whitebritish
1246439	1246439	whitebritish
2394639	2394639	whitebritish
3107849	3107849	whitebritish
5093258	5093258	whitebritish
1484234	1484234	whitebritish
3257251	3257251	whitebritish
2580964	2580964	whitebritish
1572400	1572400	whitebritish
5983457	5983457	whitebritish
1481888	1481888	whitebritish
2078333	2078333	whitebritish
1132525	1132525	whitebritish
4764221	4764221	whitebritish
1182806	1182806	whitebritish
1171359	1171359	whitebritish
5686410	5686410	whitebritish
1740763	1740763	whitebritish
1044326	1044326	whitebritish
5498344	5498344	whitebritish
3058176	3058176	whitebritish
1583224	1583224	whitebritish
5724829	5724829	whitebritish
1358626	1358626	whitebritish
2127533	2127533	whitebritish
3301739	3301739	whitebritish
4410371	4410371	whitebritish
5387338	5387338	whitebritish
2079442	2079442	whitebritish
2227081	2227081	whitebritish
4683053	4683053	whitebritish
1725024	1725024	whitebritish
2735494	2735494	whitebritish
4975515	4975515	whitebritish
5621758	5621758	whitebritish
1206009	1206009	whitebritish
5222609	5222609	whitebritish
4851589	4851589	whitebritish
5961160	5961160	whitebritish
4330408	4330408	whitebritish
4166074	4166074	whitebritish
2455910	2455910	whitebritish
5875570	5875570	whitebritish
3298004	3298004	whitebritish
1693560	1693560	whitebritish
2242687	2242687	whitebritish
1910003	1910003	whitebritish
3009470	3009470	whitebritish
1152001	1152001	whitebritish
1002483	1002483	whitebritish
5148864	5148864	whitebritish
5575377	5575377	whitebritish
4004294	4004294	whitebritish
2226474	2226474	whitebritish
3228802	3228802	whitebritish
1389598	1389598	whitebritish
2328335	2328335	whitebritish
4171362	4171362	whitebritish
1077476	1077476	whitebritish
1377440	1377440	whitebritish
3656928	3656928	whitebritish
1563637	1563637	whitebritish
1277151	1277151	whitebritish
2108728	2108728	whitebritish
1471631	1471631	whitebritish
2751810	2751810	whitebritish
5448080	5448080	whitebritish
3052432	3052432	whitebritish
3589114	3589114	whitebritish
4450377	4450377	whitebritish
1996908	1996908	whitebritish
2711143	2711143	whitebritish
4850771	4850771	whitebritish
1602750	1602750	whitebritish
1978420	1978420	whitebritish
5364864	5364864	whitebritish
3970456	3970456	whitebritish
5908185	5908185	whitebritish
2593520	2593520	whitebritish
4725316	4725316	whitebritish
4997117	4997117	whitebritish
3283238	3283238	whitebritish
1846902	1846902	whitebritish
3556398	3556398	whitebritish
2789397	2789397	whitebritish
2165283	2165283	whitebritish
2650902	2650902	whitebritish
2420850	2420850	whitebritish
3308628	3308628	whitebritish
1448640	1448640	whitebritish
3444154	3444154	whitebritish
3313771	3313771	whitebritish
2367525	2367525	whitebritish
3384606	3384606	whitebritish
2624966	2624966	whitebritish
5802380	5802380	whitebritish
3108120	3108120	whitebritish
3042507	3042507	whitebritish
1332356	1332356	whitebritish
5435621	5435621	whitebritish
3458560	3458560	whitebritish
3869253	3869253	whitebritish
2329121	2329121	whitebritish
1015085	1015085	whitebritish
3355638	3355638	whitebritish
2166224	2166224	whitebritish
4728359	4728359	whitebritish
5254934	5254934	whitebritish
2386474	2386474	whitebritish
4048841	4048841	whitebritish
5119042	5119042	whitebritish
4351030	4351030	whitebritish
3682890	3682890	whitebritish
5781486	5781486	whitebritish
5259813	5259813	whitebritish
2825098	2825098	whitebritish
2822805	2822805	whitebritish
5509305	5509305	whitebritish
5633302	5633302	whitebritish
4804067	4804067	whitebritish
1436081	1436081	whitebritish
1387368	1387368	whitebritish
3512105	3512105	whitebritish
3344622	3344622	whitebritish
2305565	2305565	whitebritish
5997396	5997396	whitebritish
2478234	2478234	whitebritish
2075687	2075687	whitebritish
2710184	2710184	whitebritish
4678048	4678048	whitebritish
3887744	3887744	whitebritish
3102965	3102965	whitebritish
5643536	5643536	whitebritish
1541456	1541456	whitebritish
4720839	4720839	whitebritish
3167190	3167190	whitebritish
1835816	1835816	whitebritish
6006550	6006550	whitebritish
3433749	3433749	whitebritish
1466814	1466814	whitebritish
2766829	2766829	whitebritish
3232249	3232249	whitebritish
5011590	5011590	whitebritish
1237596	1237596	whitebritish
5109744	5109744	whitebritish
5612813	5612813	whitebritish
1467625	1467625	whitebritish
2719076	2719076	whitebritish
5627592	5627592	whitebritish
4962298	4962298	whitebritish
5136586	5136586	whitebritish
4677155	4677155	whitebritish
3681605	3681605	whitebritish
5313056	5313056	whitebritish
2636916	2636916	whitebritish
4068831	4068831	whitebritish
1406837	1406837	whitebritish
5751049	5751049	whitebritish
3258717	3258717	whitebritish
5763068	5763068	whitebritish
1102869	1102869	whitebritish
5689371	5689371	whitebritish
1662344	1662344	whitebritish
5276619	5276619	whitebritish
5329390	5329390	whitebritish
4504923	4504923	whitebritish
4905326	4905326	whitebritish
5191572	5191572	whitebritish
2524126	2524126	whitebritish
5612171	5612171	whitebritish
3095845	3095845	whitebritish
5523309	5523309	whitebritish
3415580	3415580	whitebritish
4269976	4269976	whitebritish
4982235	4982235	whitebritish
4456086	4456086	whitebritish
6007117	6007117	whitebritish
2069588	2069588	whitebritish
1491513	1491513	whitebritish
1543500	1543500	whitebritish
3296983	3296983	whitebritish
1301961	1301961	whitebritish
2408934	2408934	whitebritish
3802028	3802028	whitebritish
3400891	3400891	whitebritish
5970855	5970855	whitebritish
5556148	5556148	whitebritish
1538955	1538955	whitebritish
5147533	5147533	whitebritish
1009943	1009943	whitebritish
2037865	2037865	whitebritish
1350227	1350227	whitebritish
3846838	3846838	whitebritish
1695242	1695242	whitebritish
5381369	5381369	whitebritish
2171533	2171533	whitebritish
5271604	5271604	whitebritish
1274257	1274257	whitebritish
4358395	4358395	whitebritish
4353218	4353218	whitebritish
5902280	5902280	whitebritish
3192762	3192762	whitebritish
5838479	5838479	whitebritish
1882027	1882027	whitebritish
5713264	5713264	whitebritish
4494669	4494669	whitebritish
2610632	2610632	whitebritish
1869729	1869729	whitebritish
4616181	4616181	whitebritish
2357727	2357727	whitebritish
5929224	5929224	whitebritish
2478498	2478498	whitebritish
2188770	2188770	whitebritish
2216914	2216914	whitebritish
2553146	2553146	whitebritish
4202234	4202234	whitebritish
5794604	5794604	whitebritish
1064868	1064868	whitebritish
4494045	4494045	whitebritish
4951488	4951488	whitebritish
2761129	2761129	whitebritish
5140920	5140920	whitebritish
4715338	4715338	whitebritish
4124879	4124879	whitebritish
2675540	2675540	whitebritish
4422453	4422453	whitebritish
3256992	3256992	whitebritish
4491627	4491627	whitebritish
1156114	1156114	whitebritish
5245741	5245741	whitebritish
1732828	1732828	whitebritish
1719783	1719783	whitebritish
2579377	2579377	whitebritish
5898256	5898256	whitebritish
1904487	1904487	whitebritish
4157051	4157051	whitebritish
2677411	2677411	whitebritish
5582678	5582678	whitebritish
4984996	4984996	whitebritish
4549417	4549417	whitebritish
5215673	5215673	whitebritish
5163982	5163982	whitebritish
1815769	1815769	whitebritish
4444325	4444325	whitebritish
2690614	2690614	whitebritish
5535734	5535734	whitebritish
1247806	1247806	whitebritish
4151641	4151641	whitebritish
1575605	1575605	whitebritish
2113796	2113796	whitebritish
4762142	4762142	whitebritish
1476350	1476350	whitebritish
3725592	3725592	whitebritish
1803409	1803409	whitebritish
4046407	4046407	whitebritish
1111808	1111808	whitebritish
2803714	2803714	whitebritish
3072011	3072011	whitebritish
1865577	1865577	whitebritish
5996643	5996643	whitebritish
3288050	3288050	whitebritish
1783608	1783608	whitebritish
3728693	3728693	whitebritish
2377377	2377377	whitebritish
1365790	1365790	whitebritish
5566158	5566158	whitebritish
3820642	3820642	whitebritish
5873816	5873816	whitebritish
5420133	5420133	whitebritish
3078234	3078234	whitebritish
5089140	5089140	whitebritish
5802239	5802239	whitebritish
2128403	2128403	whitebritish
5282566	5282566	whitebritish
4243126	4243126	whitebritish
1468005	1468005	whitebritish
5497388	5497388	whitebritish
4980051	4980051	whitebritish
3404519	3404519	whitebritish
3463114	3463114	whitebritish
5543986	5543986	whitebritish
1619416	1619416	whitebritish
4349665	4349665	whitebritish
2107037	2107037	whitebritish
5561728	5561728	whitebritish
2601143	2601143	whitebritish
3639917	3639917	whitebritish
4907104	4907104	whitebritish
2317334	2317334	whitebritish
3311469	3311469	whitebritish
4714146	4714146	whitebritish
4203426	4203426	whitebritish
5990553	5990553	whitebritish
3068884	3068884	whitebritish
4124991	4124991	whitebritish
4388317	4388317	whitebritish
1077526	1077526	whitebritish
2724464	2724464	whitebritish
4737765	4737765	whitebritish
5474765	5474765	whitebritish
4950516	4950516	whitebritish
2242488	2242488	whitebritish
5026335	5026335	whitebritish
2032343	2032343	whitebritish
5452451	5452451	whitebritish
5796796	5796796	whitebritish
1599188	1599188	whitebritish
1137281	1137281	whitebritish
1543895	1543895	whitebritish
5359537	5359537	whitebritish
5333360	5333360	whitebritish
2687317	2687317	whitebritish
5538089	5538089	whitebritish
1749667	1749667	whitebritish
2495644	2495644	whitebritish
1241665	1241665	whitebritish
4936105	4936105	whitebritish
1839617	1839617	whitebritish
2488468	2488468	whitebritish
3138374	3138374	whitebritish
2601819	2601819	whitebritish
3684209	3684209	whitebritish
1177632	1177632	whitebritish
4928915	4928915	whitebritish
4977534	4977534	whitebritish
1796457	1796457	whitebritish
4187468	4187468	whitebritish
3060810	3060810	whitebritish
5018669	5018669	whitebritish
1556543	1556543	whitebritish
5720810	5720810	whitebritish
5152047	5152047	whitebritish
2152450	2152450	whitebritish
5395147	5395147	whitebritish
3032246	3032246	whitebritish
2524100	2524100	whitebritish
2488283	2488283	whitebritish
1207006	1207006	whitebritish
3574983	3574983	whitebritish
4145097	4145097	whitebritish
3645332	3645332	whitebritish
3907836	3907836	whitebritish
3139550	3139550	whitebritish
3869739	3869739	whitebritish
4823690	4823690	whitebritish
2535428	2535428	whitebritish
2400289	2400289	whitebritish
1488965	1488965	whitebritish
3567367	3567367	whitebritish
5204526	5204526	whitebritish
3775290	3775290	whitebritish
2137421	2137421	whitebritish
5578297	5578297	whitebritish
2514321	2514321	whitebritish
2119806	2119806	whitebritish
2890496	2890496	whitebritish
5278973	5278973	whitebritish
1305025	1305025	whitebritish
3058569	3058569	whitebritish
2062662	2062662	whitebritish
3808573	3808573	whitebritish
4962006	4962006	whitebritish
5502307	5502307	whitebritish
5278388	5278388	whitebritish
1705616	1705616	whitebritish
4857326	4857326	whitebritish
1981065	1981065	whitebritish
5392201	5392201	whitebritish
1096635	1096635	whitebritish
2397056	2397056	whitebritish
4188401	4188401	whitebritish
4571470	4571470	whitebritish
2863425	2863425	whitebritish
1672418	1672418	whitebritish
5121435	5121435	whitebritish
3028854	3028854	whitebritish
1262669	1262669	whitebritish
3915639	3915639	whitebritish
3590667	3590667	whitebritish
1079126	1079126	whitebritish
5459284	5459284	whitebritish
4995007	4995007	whitebritish
4119033	4119033	whitebritish
1526180	1526180	whitebritish
5529629	5529629	whitebritish
3592640	3592640	whitebritish
3791317	3791317	whitebritish
2822665	2822665	whitebritish
3324686	3324686	whitebritish
5720836	5720836	whitebritish
3703887	3703887	whitebritish
2369259	2369259	whitebritish
4245577	4245577	whitebritish
3831921	3831921	whitebritish
6011814	6011814	whitebritish
5703199	5703199	whitebritish
5517329	5517329	whitebritish
5094262	5094262	whitebritish
2882378	2882378	whitebritish
5058836	5058836	whitebritish
5129324	5129324	whitebritish
3465163	3465163	whitebritish
1241974	1241974	whitebritish
3030779	3030779	whitebritish
2868116	2868116	whitebritish
5087504	5087504	whitebritish
3183521	3183521	whitebritish
4943745	4943745	whitebritish
3975321	3975321	whitebritish
5106765	5106765	whitebritish
5846436	5846436	whitebritish
1038855	1038855	whitebritish
5908912	5908912	whitebritish
4602378	4602378	whitebritish
5840036	5840036	whitebritish
3137689	3137689	whitebritish
1519777	1519777	whitebritish
4798290	4798290	whitebritish
3456307	3456307	whitebritish
5242831	5242831	whitebritish
2806568	2806568	whitebritish
1689282	1689282	whitebritish
2803602	2803602	whitebritish
5986300	5986300	whitebritish
5650335	5650335	whitebritish
5544233	5544233	whitebritish
3371362	3371362	whitebritish
3980576	3980576	whitebritish
2041074	2041074	whitebritish
2597246	2597246	whitebritish
2972013	2972013	whitebritish
3757742	3757742	whitebritish
4384230	4384230	whitebritish
5533993	5533993	whitebritish
2773375	2773375	whitebritish
5677320	5677320	whitebritish
3385729	3385729	whitebritish
3229775	3229775	whitebritish
5327446	5327446	whitebritish
5814879	5814879	whitebritish
1519191	1519191	whitebritish
5090745	5090745	whitebritish
1347002	1347002	whitebritish
1739346	1739346	whitebritish
2965033	2965033	whitebritish
5966327	5966327	whitebritish
1225784	1225784	whitebritish
2539579	2539579	whitebritish
4915146	4915146	whitebritish
3897693	3897693	whitebritish
1537854	1537854	whitebritish
1585961	1585961	whitebritish
4846141	4846141	whitebritish
4085860	4085860	whitebritish
3533486	3533486	whitebritish
2495828	2495828	whitebritish
2228146	2228146	whitebritish
4532589	4532589	whitebritish
5192349	5192349	whitebritish
2456519	2456519	whitebritish
3895202	3895202	whitebritish
4244141	4244141	whitebritish
1301591	1301591	whitebritish
5347699	5347699	whitebritish
4189636	4189636	whitebritish
1137447	1137447	whitebritish
5415255	5415255	whitebritish
5524234	5524234	whitebritish
1969379	1969379	whitebritish
2162810	2162810	whitebritish
4387038	4387038	whitebritish
2130787	2130787	whitebritish
1993708	1993708	whitebritish
1850903	1850903	whitebritish
1459661	1459661	whitebritish
4176221	4176221	whitebritish
1955718	1955718	whitebritish
5041284	5041284	whitebritish
1456142	1456142	whitebritish
3354801	3354801	whitebritish
3786171	3786171	whitebritish
4275018	4275018	whitebritish
4939946	4939946	whitebritish
5057117	5057117	whitebritish
1887388	1887388	whitebritish
1916805	1916805	whitebritish
1938087	1938087	whitebritish
4631082	4631082	whitebritish
5559331	5559331	whitebritish
1941373	1941373	whitebritish
5995016	5995016	whitebritish
2012864	2012864	whitebritish
1983938	1983938	whitebritish
3311328	3311328	whitebritish
1404532	1404532	whitebritish
1731532	1731532	whitebritish
4098734	4098734	whitebritish
4377035	4377035	whitebritish
2792982	2792982	whitebritish
1901306	1901306	whitebritish
2543629	2543629	whitebritish
3073892	3073892	whitebritish
1849399	1849399	whitebritish
2543948	2543948	whitebritish
5236826	5236826	whitebritish
3885751	3885751	whitebritish
3791730	3791730	whitebritish
5078993	5078993	whitebritish
1155496	1155496	whitebritish
5106489	5106489	whitebritish
4535864	4535864	whitebritish
4677593	4677593	whitebritish
1218089	1218089	whitebritish
2081018	2081018	whitebritish
2726834	2726834	whitebritish
5881419	5881419	whitebritish
5697834	5697834	whitebritish
4483503	4483503	whitebritish
5832449	5832449	whitebritish
1031686	1031686	whitebritish
5963456	5963456	whitebritish
5148633	5148633	whitebritish
4253124	4253124	whitebritish
5833911	5833911	whitebritish
2437668	2437668	whitebritish
2515791	2515791	whitebritish
1815878	1815878	whitebritish
1451028	1451028	whitebritish
4829060	4829060	whitebritish
2112880	2112880	whitebritish
1329091	1329091	whitebritish
3780243	3780243	whitebritish
2232647	2232647	whitebritish
5620415	5620415	whitebritish
1356854	1356854	whitebritish
2828015	2828015	whitebritish
1818078	1818078	whitebritish
4033125	4033125	whitebritish
1177036	1177036	whitebritish
4558010	4558010	whitebritish
1815289	1815289	whitebritish
2478195	2478195	whitebritish
5822891	5822891	whitebritish
2871306	2871306	whitebritish
4998184	4998184	whitebritish
4561983	4561983	whitebritish
1235587	1235587	whitebritish
4954355	4954355	whitebritish
2642639	2642639	whitebritish
1971469	1971469	whitebritish
1844566	1844566	whitebritish
2930583	2930583	whitebritish
2433604	2433604	whitebritish
1870951	1870951	whitebritish
2756802	2756802	whitebritish
4151751	4151751	whitebritish
3760787	3760787	whitebritish
4271347	4271347	whitebritish
2212486	2212486	whitebritish
5816892	5816892	whitebritish
3817670	3817670	whitebritish
3316379	3316379	whitebritish
2140445	2140445	whitebritish
4171642	4171642	whitebritish
5781810	5781810	whitebritish
1904239	1904239	whitebritish
5032002	5032002	whitebritish
3695565	3695565	whitebritish
3102861	3102861	whitebritish
5727495	5727495	whitebritish
2518129	2518129	whitebritish
2646567	2646567	whitebritish
2192077	2192077	whitebritish
2273412	2273412	whitebritish
3983348	3983348	whitebritish
5894028	5894028	whitebritish
4069112	4069112	whitebritish
2862025	2862025	whitebritish
3423900	3423900	whitebritish
4188873	4188873	whitebritish
3394616	3394616	whitebritish
1521036	1521036	whitebritish
2444572	2444572	whitebritish
3721525	3721525	whitebritish
4264813	4264813	whitebritish
1128924	1128924	whitebritish
3346188	3346188	whitebritish
5431150	5431150	whitebritish
3890985	3890985	whitebritish
3446407	3446407	whitebritish
1203534	1203534	whitebritish
1536849	1536849	whitebritish
5165107	5165107	whitebritish
3048094	3048094	whitebritish
3412792	3412792	whitebritish
1059734	1059734	whitebritish
2214182	2214182	whitebritish
4475512	4475512	whitebritish
4995674	4995674	whitebritish
4680605	4680605	whitebritish
5059190	5059190	whitebritish
1588766	1588766	whitebritish
2112055	2112055	whitebritish
5806816	5806816	whitebritish
3513955	3513955	whitebritish
5705965	5705965	whitebritish
1724645	1724645	whitebritish
4589699	4589699	whitebritish
2655051	2655051	whitebritish
3610042	3610042	whitebritish
5496851	5496851	whitebritish
4983270	4983270	whitebritish
2800407	2800407	whitebritish
1626017	1626017	whitebritish
2321893	2321893	whitebritish
1339891	1339891	whitebritish
2370022	2370022	whitebritish
1148537	1148537	whitebritish
2230508	2230508	whitebritish
5921848	5921848	whitebritish
1588383	1588383	whitebritish
3461891	3461891	whitebritish
1541503	1541503	whitebritish
3417582	3417582	whitebritish
3570957	3570957	whitebritish
2066322	2066322	whitebritish
1404270	1404270	whitebritish
3305028	3305028	whitebritish
2460506	2460506	whitebritish
5173204	5173204	whitebritish
4733589	4733589	whitebritish
5484804	5484804	whitebritish
2130025	2130025	whitebritish
4959939	4959939	whitebritish
2858408	2858408	whitebritish
3776690	3776690	whitebritish
3685780	3685780	whitebritish
3096893	3096893	whitebritish
2855968	2855968	whitebritish
5689541	5689541	whitebritish
6022142	6022142	whitebritish
2753600	2753600	whitebritish
1601966	1601966	whitebritish
3677673	3677673	whitebritish
2504370	2504370	whitebritish
4967988	4967988	whitebritish
2698153	2698153	whitebritish
5940122	5940122	whitebritish
4515488	4515488	whitebritish
4864075	4864075	whitebritish
3746181	3746181	whitebritish
2865318	2865318	whitebritish
4361623	4361623	whitebritish
1131674	1131674	whitebritish
5195115	5195115	whitebritish
3028822	3028822	whitebritish
3793268	3793268	whitebritish
3236936	3236936	whitebritish
2068928	2068928	whitebritish
2833308	2833308	whitebritish
2041652	2041652	whitebritish
3713312	3713312	whitebritish
2910496	2910496	whitebritish
2837912	2837912	whitebritish
3738384	3738384	whitebritish
4239541	4239541	whitebritish
2080581	2080581	whitebritish
5999774	5999774	whitebritish
5905557	5905557	whitebritish
3487727	3487727	whitebritish
1199619	1199619	whitebritish
4161029	4161029	whitebritish
2876695	2876695	whitebritish
3625398	3625398	whitebritish
5232089	5232089	whitebritish
3708524	3708524	whitebritish
2222640	2222640	whitebritish
2289488	2289488	whitebritish
3652804	3652804	whitebritish
2948057	2948057	whitebritish
2492470	2492470	whitebritish
2179701	2179701	whitebritish
2904892	2904892	whitebritish
2056197	2056197	whitebritish
3866745	3866745	whitebritish
5169331	5169331	whitebritish
5247921	5247921	whitebritish
1617709	1617709	whitebritish
1060003	1060003	whitebritish
4540922	4540922	whitebritish
5584074	5584074	whitebritish
5016595	5016595	whitebritish
3704338	3704338	whitebritish
1383565	1383565	whitebritish
3666552	3666552	whitebritish
1207532	1207532	whitebritish
5242142	5242142	whitebritish
5827900	5827900	whitebritish
2095443	2095443	whitebritish
1811295	1811295	whitebritish
5133795	5133795	whitebritish
1046770	1046770	whitebritish
1420764	1420764	whitebritish
5169745	5169745	whitebritish
3300952	3300952	whitebritish
4787589	4787589	whitebritish
2481303	2481303	whitebritish
5850904	5850904	whitebritish
3599923	3599923	whitebritish
1682660	1682660	whitebritish
2986281	2986281	whitebritish
2089142	2089142	whitebritish
4019553	4019553	whitebritish
5494666	5494666	whitebritish
2635245	2635245	whitebritish
4355689	4355689	whitebritish
3793888	3793888	whitebritish
3670313	3670313	whitebritish
1460177	1460177	whitebritish
1213888	1213888	whitebritish
4696017	4696017	whitebritish
1897775	1897775	whitebritish
3476494	3476494	whitebritish
5669631	5669631	whitebritish
5190313	5190313	whitebritish
3042424	3042424	whitebritish
5877417	5877417	whitebritish
2754615	2754615	whitebritish
4955413	4955413	whitebritish
5108445	5108445	whitebritish
2345939	2345939	whitebritish
5720089	5720089	whitebritish
5840966	5840966	whitebritish
3904181	3904181	whitebritish
3899219	3899219	whitebritish
3009654	3009654	whitebritish
5057960	5057960	whitebritish
4215044	4215044	whitebritish
2097399	2097399	whitebritish
5332624	5332624	whitebritish
3924607	3924607	whitebritish
5021260	5021260	whitebritish
1431250	1431250	whitebritish
1912369	1912369	whitebritish
3091983	3091983	whitebritish
5055466	5055466	whitebritish
4238682	4238682	whitebritish
3964356	3964356	whitebritish
3349174	3349174	whitebritish
1279495	1279495	whitebritish
1033926	1033926	whitebritish
4330516	4330516	whitebritish
5225441	5225441	whitebritish
5914610	5914610	whitebritish
4774735	4774735	whitebritish
4685091	4685091	whitebritish
3117620	3117620	whitebritish
3509148	3509148	whitebritish
2526053	2526053	whitebritish
2405688	2405688	whitebritish
3669689	3669689	whitebritish
3960106	3960106	whitebritish
1688735	1688735	whitebritish
5737681	5737681	whitebritish
1890746	1890746	whitebritish
3524284	3524284	whitebritish
3177520	3177520	whitebritish
4590394	4590394	whitebritish
1984035	1984035	whitebritish
4332555	4332555	whitebritish
2774235	2774235	whitebritish
2819189	2819189	whitebritish
1986245	1986245	whitebritish
3933216	3933216	whitebritish
2662718	2662718	whitebritish
2913687	2913687	whitebritish
2406425	2406425	whitebritish
3304992	3304992	whitebritish
3379365	3379365	whitebritish
1665474	1665474	whitebritish
4660238	4660238	whitebritish
2670599	2670599	whitebritish
4665066	4665066	whitebritish
5120253	5120253	whitebritish
5827251	5827251	whitebritish
4255710	4255710	whitebritish
1037606	1037606	whitebritish
5938474	5938474	whitebritish
4629698	4629698	whitebritish
1402417	1402417	whitebritish
5246324	5246324	whitebritish
4946673	4946673	whitebritish
3808660	3808660	whitebritish
2466602	2466602	whitebritish
1735465	1735465	whitebritish
4775992	4775992	whitebritish
4939374	4939374	whitebritish
5645318	5645318	whitebritish
2017822	2017822	whitebritish
5588577	5588577	whitebritish
1316061	1316061	whitebritish
4688550	4688550	whitebritish
4607498	4607498	whitebritish
5066699	5066699	whitebritish
3553428	3553428	whitebritish
2721859	2721859	whitebritish
5254037	5254037	whitebritish
3396174	3396174	whitebritish
4794634	4794634	whitebritish
4489945	4489945	whitebritish
5073412	5073412	whitebritish
4468841	4468841	whitebritish
4025379	4025379	whitebritish
3945864	3945864	whitebritish
3325731	3325731	whitebritish
4427798	4427798	whitebritish
4752285	4752285	whitebritish
2317519	2317519	whitebritish
4433837	4433837	whitebritish
4909392	4909392	whitebritish
1780014	1780014	whitebritish
4096036	4096036	whitebritish
1966517	1966517	whitebritish
2444621	2444621	whitebritish
3405639	3405639	whitebritish
2852045	2852045	whitebritish
1081215	1081215	whitebritish
4899255	4899255	whitebritish
3716124	3716124	whitebritish
5446959	5446959	whitebritish
5074071	5074071	whitebritish
1991900	1991900	whitebritish
5175256	5175256	whitebritish
5875930	5875930	whitebritish
2687948	2687948	whitebritish
3864038	3864038	whitebritish
1858624	1858624	whitebritish
1119757	1119757	whitebritish
5598601	5598601	whitebritish
3955181	3955181	whitebritish
2512842	2512842	whitebritish
2917153	2917153	whitebritish
3924252	3924252	whitebritish
4229287	4229287	whitebritish
2216236	2216236	whitebritish
5015778	5015778	whitebritish
5399589	5399589	whitebritish
2755934	2755934	whitebritish
3351393	3351393	whitebritish
3789840	3789840	whitebritish
2343178	2343178	whitebritish
1437503	1437503	whitebritish
1352022	1352022	whitebritish
5287064	5287064	whitebritish
3625845	3625845	whitebritish
1611809	1611809	whitebritish
2750761	2750761	whitebritish
4425305	4425305	whitebritish
4289242	4289242	whitebritish
4384096	4384096	whitebritish
1908059	1908059	whitebritish
3661351	3661351	whitebritish
1223738	1223738	whitebritish
1400159	1400159	whitebritish
3208520	3208520	whitebritish
2927917	2927917	whitebritish
1550309	1550309	whitebritish
1262222	1262222	whitebritish
2728595	2728595	whitebritish
2438988	2438988	whitebritish
4976267	4976267	whitebritish
1203233	1203233	whitebritish
4973175	4973175	whitebritish
1327116	1327116	whitebritish
3588614	3588614	whitebritish
4673686	4673686	whitebritish
4310805	4310805	whitebritish
1973542	1973542	whitebritish
2739135	2739135	whitebritish
1090771	1090771	whitebritish
4821734	4821734	whitebritish
5436574	5436574	whitebritish
4134152	4134152	whitebritish
4103027	4103027	whitebritish
3751539	3751539	whitebritish
1822702	1822702	whitebritish
4442178	4442178	whitebritish
1579628	1579628	whitebritish
5269904	5269904	whitebritish
1921580	1921580	whitebritish
3503336	3503336	whitebritish
3526191	3526191	whitebritish
5017216	5017216	whitebritish
3734902	3734902	whitebritish
2444712	2444712	whitebritish
5285115	5285115	whitebritish
5155805	5155805	whitebritish
3643709	3643709	whitebritish
4797572	4797572	whitebritish
3799616	3799616	whitebritish
4973704	4973704	whitebritish
1899042	1899042	whitebritish
3788170	3788170	whitebritish
4332145	4332145	whitebritish
1729884	1729884	whitebritish
2857894	2857894	whitebritish
1779156	1779156	whitebritish
5260423	5260423	whitebritish
3838231	3838231	whitebritish
4880512	4880512	whitebritish
2070355	2070355	whitebritish
1429282	1429282	whitebritish
4256801	4256801	whitebritish
5117281	5117281	whitebritish
5950376	5950376	whitebritish
4016535	4016535	whitebritish
2520810	2520810	whitebritish
1325954	1325954	whitebritish
5705078	5705078	whitebritish
2859730	2859730	whitebritish
5365958	5365958	whitebritish
2118881	2118881	whitebritish
3054480	3054480	whitebritish
4581477	4581477	whitebritish
2633358	2633358	whitebritish
5599814	5599814	whitebritish
5136108	5136108	whitebritish
3274156	3274156	whitebritish
5470046	5470046	whitebritish
5928358	5928358	whitebritish
1754266	1754266	whitebritish
3262876	3262876	whitebritish
1811216	1811216	whitebritish
2506610	2506610	whitebritish
3665679	3665679	whitebritish
2392829	2392829	whitebritish
4619687	4619687	whitebritish
5826137	5826137	whitebritish
3986530	3986530	whitebritish
5021828	5021828	whitebritish
3833179	3833179	whitebritish
4644021	4644021	whitebritish
4009610	4009610	whitebritish
4271365	4271365	whitebritish
1528369	1528369	whitebritish
1002944	1002944	whitebritish
5843321	5843321	whitebritish
3666183	3666183	whitebritish
4980403	4980403	whitebritish
3804887	3804887	whitebritish
5981080	5981080	whitebritish
2374372	2374372	whitebritish
1670739	1670739	whitebritish
5909816	5909816	whitebritish
5614379	5614379	whitebritish
4629174	4629174	whitebritish
4828381	4828381	whitebritish
1383044	1383044	whitebritish
5882699	5882699	whitebritish
5779382	5779382	whitebritish
2571209	2571209	whitebritish
3228532	3228532	whitebritish
5988221	5988221	whitebritish
1032025	1032025	whitebritish
3532980	3532980	whitebritish
1777945	1777945	whitebritish
1477422	1477422	whitebritish
2008319	2008319	whitebritish
5934593	5934593	whitebritish
5030433	5030433	whitebritish
1929461	1929461	whitebritish
4258656	4258656	whitebritish
3808638	3808638	whitebritish
3885050	3885050	whitebritish
2983167	2983167	whitebritish
5029565	5029565	whitebritish
2536969	2536969	whitebritish
1238136	1238136	whitebritish
2433631	2433631	whitebritish
4885352	4885352	whitebritish
1750923	1750923	whitebritish
5950554	5950554	whitebritish
1010923	1010923	whitebritish
1019789	1019789	whitebritish
2145988	2145988	whitebritish
5721652	5721652	whitebritish
1143718	1143718	whitebritish
3728274	3728274	whitebritish
4389568	4389568	whitebritish
2707520	2707520	whitebritish
5324745	5324745	whitebritish
2182086	2182086	whitebritish
5887942	5887942	whitebritish
2693088	2693088	whitebritish
3169612	3169612	whitebritish
3811452	3811452	whitebritish
1650364	1650364	whitebritish
1999823	1999823	whitebritish
1696112	1696112	whitebritish
2943195	2943195	whitebritish
5156806	5156806	whitebritish
2573104	2573104	whitebritish
2624024	2624024	whitebritish
4797975	4797975	whitebritish
2749000	2749000	whitebritish
5659239	5659239	whitebritish
4397874	4397874	whitebritish
2374279	2374279	whitebritish
3059139	3059139	whitebritish
3020154	3020154	whitebritish
4723095	4723095	whitebritish
4377584	4377584	whitebritish
3767745	3767745	whitebritish
2927572	2927572	whitebritish
1080751	1080751	whitebritish
3561344	3561344	whitebritish
4504774	4504774	whitebritish
6010403	6010403	whitebritish
5937254	5937254	whitebritish
3442712	3442712	whitebritish
2936149	2936149	whitebritish
5820288	5820288	whitebritish
4211223	4211223	whitebritish
4588040	4588040	whitebritish
2541788	2541788	whitebritish
2644560	2644560	whitebritish
5546474	5546474	whitebritish
2804496	2804496	whitebritish
4891607	4891607	whitebritish
5792759	5792759	whitebritish
2387502	2387502	whitebritish
4408422	4408422	whitebritish
4943527	4943527	whitebritish
4765378	4765378	whitebritish
3478758	3478758	whitebritish
2818192	2818192	whitebritish
3137540	3137540	whitebritish
2966292	2966292	whitebritish
3332117	3332117	whitebritish
2204573	2204573	whitebritish
2409350	2409350	whitebritish
1170592	1170592	whitebritish
1958684	1958684	whitebritish
3443457	3443457	whitebritish
5407777	5407777	whitebritish
2936173	2936173	whitebritish
2166210	2166210	whitebritish
2000091	2000091	whitebritish
5934618	5934618	whitebritish
2097956	2097956	whitebritish
1996579	1996579	whitebritish
2702167	2702167	whitebritish
4605103	4605103	whitebritish
4102876	4102876	whitebritish
1487417	1487417	whitebritish
1549446	1549446	whitebritish
3205914	3205914	whitebritish
2481882	2481882	whitebritish
5959043	5959043	whitebritish
5305812	5305812	whitebritish
4025340	4025340	whitebritish
1310336	1310336	whitebritish
1149587	1149587	whitebritish
5254765	5254765	whitebritish
1820441	1820441	whitebritish
1038470	1038470	whitebritish
5039224	5039224	whitebritish
5389294	5389294	whitebritish
4387108	4387108	whitebritish
1537038	1537038	whitebritish
3522487	3522487	whitebritish
4176704	4176704	whitebritish
4268592	4268592	whitebritish
4587521	4587521	whitebritish
4293761	4293761	whitebritish
4947828	4947828	whitebritish
3675333	3675333	whitebritish
5456366	5456366	whitebritish
4901844	4901844	whitebritish
4819952	4819952	whitebritish
3763648	3763648	whitebritish
5116243	5116243	whitebritish
1321368	1321368	whitebritish
5735191	5735191	whitebritish
4880404	4880404	whitebritish
5569951	5569951	whitebritish
3373151	3373151	whitebritish
2100535	2100535	whitebritish
5746512	5746512	whitebritish
2290638	2290638	whitebritish
5664835	5664835	whitebritish
2852327	2852327	whitebritish
5037930	5037930	whitebritish
3401009	3401009	whitebritish
3174788	3174788	whitebritish
3888615	3888615	whitebritish
1869608	1869608	whitebritish
2973685	2973685	whitebritish
2087602	2087602	whitebritish
1299638	1299638	whitebritish
3878039	3878039	whitebritish
1033456	1033456	whitebritish
2187842	2187842	whitebritish
5975040	5975040	whitebritish
1937155	1937155	whitebritish
1429403	1429403	whitebritish
4869389	4869389	whitebritish
3684763	3684763	whitebritish
2081456	2081456	whitebritish
2979478	2979478	whitebritish
1511578	1511578	whitebritish
4538747	4538747	whitebritish
1462919	1462919	whitebritish
3158320	3158320	whitebritish
4176487	4176487	whitebritish
1361175	1361175	whitebritish
2632272	2632272	whitebritish
3852697	3852697	whitebritish
1047415	1047415	whitebritish
1684758	1684758	whitebritish
4707482	4707482	whitebritish
5275594	5275594	whitebritish
3687487	3687487	whitebritish
2011725	2011725	whitebritish
4298355	4298355	whitebritish
2519545	2519545	whitebritish
1542302	1542302	whitebritish
5353559	5353559	whitebritish
5117465	5117465	whitebritish
4925869	4925869	whitebritish
2445369	2445369	whitebritish
2382397	2382397	whitebritish
1149555	1149555	whitebritish
2725365	2725365	whitebritish
5271155	5271155	whitebritish
2040441	2040441	whitebritish
1382695	1382695	whitebritish
3225764	3225764	whitebritish
3334806	3334806	whitebritish
2249247	2249247	whitebritish
1524924	1524924	whitebritish
1911683	1911683	whitebritish
5187446	5187446	whitebritish
1670884	1670884	whitebritish
1795228	1795228	whitebritish
1377392	1377392	whitebritish
2783190	2783190	whitebritish
3958292	3958292	whitebritish
3801176	3801176	whitebritish
1751083	1751083	whitebritish
2273872	2273872	whitebritish
4570761	4570761	whitebritish
5200921	5200921	whitebritish
2440761	2440761	whitebritish
2574716	2574716	whitebritish
3373887	3373887	whitebritish
1909278	1909278	whitebritish
5963023	5963023	whitebritish
1355996	1355996	whitebritish
4264828	4264828	whitebritish
3144347	3144347	whitebritish
3146331	3146331	whitebritish
3429064	3429064	whitebritish
4012574	4012574	whitebritish
5496739	5496739	whitebritish
3674339	3674339	whitebritish
2540961	2540961	whitebritish
1895773	1895773	whitebritish
2243884	2243884	whitebritish
2758818	2758818	whitebritish
3844504	3844504	whitebritish
4470507	4470507	whitebritish
5247915	5247915	whitebritish
1925971	1925971	whitebritish
5341044	5341044	whitebritish
2349136	2349136	whitebritish
2150572	2150572	whitebritish
5775193	5775193	whitebritish
5870762	5870762	whitebritish
2123074	2123074	whitebritish
5242021	5242021	whitebritish
4395501	4395501	whitebritish
4548848	4548848	whitebritish
3252923	3252923	whitebritish
2785504	2785504	whitebritish
1073233	1073233	whitebritish
1232528	1232528	whitebritish
4801012	4801012	whitebritish
5062450	5062450	whitebritish
3763131	3763131	whitebritish
2580758	2580758	whitebritish
5653991	5653991	whitebritish
4886363	4886363	whitebritish
2771417	2771417	whitebritish
5010804	5010804	whitebritish
4197308	4197308	whitebritish
1372095	1372095	whitebritish
1197906	1197906	whitebritish
1793698	1793698	whitebritish
1855003	1855003	whitebritish
3605877	3605877	whitebritish
5328586	5328586	whitebritish
5383501	5383501	whitebritish
4412360	4412360	whitebritish
1470574	1470574	whitebritish
3300190	3300190	whitebritish
2226128	2226128	whitebritish
1004223	1004223	whitebritish
5274745	5274745	whitebritish
6018800	6018800	whitebritish
3821789	3821789	whitebritish
2311454	2311454	whitebritish
1181099	1181099	whitebritish
4691851	4691851	whitebritish
5251414	5251414	whitebritish
4412782	4412782	whitebritish
3456167	3456167	whitebritish
5534719	5534719	whitebritish
2077259	2077259	whitebritish
5478647	5478647	whitebritish
5542338	5542338	whitebritish
4302314	4302314	whitebritish
2143621	2143621	whitebritish
2222360	2222360	whitebritish
4213567	4213567	whitebritish
1989381	1989381	whitebritish
5672522	5672522	whitebritish
1620934	1620934	whitebritish
1475302	1475302	whitebritish
2870437	2870437	whitebritish
4477012	4477012	whitebritish
4135952	4135952	whitebritish
2345087	2345087	whitebritish
1967769	1967769	whitebritish
5894076	5894076	whitebritish
4927750	4927750	whitebritish
4804471	4804471	whitebritish
1512267	1512267	whitebritish
3093602	3093602	whitebritish
4216724	4216724	whitebritish
5201776	5201776	whitebritish
3587308	3587308	whitebritish
4896476	4896476	whitebritish
1507214	1507214	whitebritish
4499403	4499403	whitebritish
4820845	4820845	whitebritish
2606574	2606574	whitebritish
4182109	4182109	whitebritish
5280671	5280671	whitebritish
5946962	5946962	whitebritish
5393556	5393556	whitebritish
3595380	3595380	whitebritish
1898569	1898569	whitebritish
1148182	1148182	whitebritish
3784622	3784622	whitebritish
5224207	5224207	whitebritish
4578972	4578972	whitebritish
1102234	1102234	whitebritish
2662853	2662853	whitebritish
3123453	3123453	whitebritish
4166496	4166496	whitebritish
3639390	3639390	whitebritish
4055030	4055030	whitebritish
5590511	5590511	whitebritish
4774950	4774950	whitebritish
5132105	5132105	whitebritish
3994516	3994516	whitebritish
5729330	5729330	whitebritish
2128158	2128158	whitebritish
5027081	5027081	whitebritish
2297412	2297412	whitebritish
3269666	3269666	whitebritish
3949619	3949619	whitebritish
4143782	4143782	whitebritish
2562943	2562943	whitebritish
5846027	5846027	whitebritish
3120055	3120055	whitebritish
3531527	3531527	whitebritish
1321067	1321067	whitebritish
1527906	1527906	whitebritish
5080102	5080102	whitebritish
4151142	4151142	whitebritish
3850031	3850031	whitebritish
2479086	2479086	whitebritish
3928482	3928482	whitebritish
4927662	4927662	whitebritish
5936436	5936436	whitebritish
4475968	4475968	whitebritish
4745765	4745765	whitebritish
3749433	3749433	whitebritish
2197617	2197617	whitebritish
4260794	4260794	whitebritish
2159328	2159328	whitebritish
1932965	1932965	whitebritish
4850086	4850086	whitebritish
5921173	5921173	whitebritish
4475457	4475457	whitebritish
2365462	2365462	whitebritish
3776957	3776957	whitebritish
3227133	3227133	whitebritish
4882325	4882325	whitebritish
3271966	3271966	whitebritish
5996381	5996381	whitebritish
5631617	5631617	whitebritish
4874882	4874882	whitebritish
4917863	4917863	whitebritish
4696149	4696149	whitebritish
1262758	1262758	whitebritish
3524031	3524031	whitebritish
2633637	2633637	whitebritish
3076316	3076316	whitebritish
1230127	1230127	whitebritish
1705952	1705952	whitebritish
1088883	1088883	whitebritish
1336040	1336040	whitebritish
1717642	1717642	whitebritish
3645730	3645730	whitebritish
3128569	3128569	whitebritish
2015542	2015542	whitebritish
4999850	4999850	whitebritish
2074129	2074129	whitebritish
2058688	2058688	whitebritish
5529265	5529265	whitebritish
5798474	5798474	whitebritish
1987160	1987160	whitebritish
5955890	5955890	whitebritish
2318276	2318276	whitebritish
3258395	3258395	whitebritish
2657304	2657304	whitebritish
3768952	3768952	whitebritish
4525212	4525212	whitebritish
2653838	2653838	whitebritish
1564028	1564028	whitebritish
2880595	2880595	whitebritish
5252958	5252958	whitebritish
5083019	5083019	whitebritish
1410222	1410222	whitebritish
4627850	4627850	whitebritish
5942120	5942120	whitebritish
5659345	5659345	whitebritish
3073621	3073621	whitebritish
4660632	4660632	whitebritish
1675396	1675396	whitebritish
2492547	2492547	whitebritish
2878895	2878895	whitebritish
1554120	1554120	whitebritish
4037593	4037593	whitebritish
2640893	2640893	whitebritish
1270817	1270817	whitebritish
4764522	4764522	whitebritish
4353684	4353684	whitebritish
5634955	5634955	whitebritish
2889430	2889430	whitebritish
1762442	1762442	whitebritish
2045251	2045251	whitebritish
2121281	2121281	whitebritish
2172277	2172277	whitebritish
2136569	2136569	whitebritish
1807030	1807030	whitebritish
5719481	5719481	whitebritish
5636650	5636650	whitebritish
4716407	4716407	whitebritish
5953169	5953169	whitebritish
3071896	3071896	whitebritish
4312045	4312045	whitebritish
4006037	4006037	whitebritish
1044066	1044066	whitebritish
1424986	1424986	whitebritish
2587440	2587440	whitebritish
4702873	4702873	whitebritish
3767269	3767269	whitebritish
2142769	2142769	whitebritish
2061921	2061921	whitebritish
3741710	3741710	whitebritish
1236901	1236901	whitebritish
3506340	3506340	whitebritish
1358943	1358943	whitebritish
3987833	3987833	whitebritish
5222323	5222323	whitebritish
4106855	4106855	whitebritish
5793654	5793654	whitebritish
4778514	4778514	whitebritish
2840041	2840041	whitebritish
4516904	4516904	whitebritish
2681480	2681480	whitebritish
3518337	3518337	whitebritish
1315222	1315222	whitebritish
2367976	2367976	whitebritish
1644176	1644176	whitebritish
5206757	5206757	whitebritish
1692592	1692592	whitebritish
3922838	3922838	whitebritish
5442635	5442635	whitebritish
3744282	3744282	whitebritish
1170437	1170437	whitebritish
3805634	3805634	whitebritish
3322907	3322907	whitebritish
1394633	1394633	whitebritish
2150764	2150764	whitebritish
2818242	2818242	whitebritish
1939647	1939647	whitebritish
4782224	4782224	whitebritish
3863952	3863952	whitebritish
3429285	3429285	whitebritish
6017999	6017999	whitebritish
2998274	2998274	whitebritish
5576194	5576194	whitebritish
4474130	4474130	whitebritish
1642581	1642581	whitebritish
4659776	4659776	whitebritish
1107128	1107128	whitebritish
5469138	5469138	whitebritish
3424091	3424091	whitebritish
4073369	4073369	whitebritish
5835414	5835414	whitebritish
1163354	1163354	whitebritish
5790977	5790977	whitebritish
3276650	3276650	whitebritish
5203738	5203738	whitebritish
1636341	1636341	whitebritish
4329860	4329860	whitebritish
1915407	1915407	whitebritish
5682122	5682122	whitebritish
3293280	3293280	whitebritish
1216515	1216515	whitebritish
5778651	5778651	whitebritish
4654712	4654712	whitebritish
1427640	1427640	whitebritish
2406705	2406705	whitebritish
1658096	1658096	whitebritish
3025964	3025964	whitebritish
1370700	1370700	whitebritish
5866751	5866751	whitebritish
2927483	2927483	whitebritish
4106996	4106996	whitebritish
4352044	4352044	whitebritish
3911293	3911293	whitebritish
2020216	2020216	whitebritish
2048172	2048172	whitebritish
3244515	3244515	whitebritish
5630951	5630951	whitebritish
1055372	1055372	whitebritish
4070972	4070972	whitebritish
3149679	3149679	whitebritish
2398344	2398344	whitebritish
5649369	5649369	whitebritish
1051184	1051184	whitebritish
3693214	3693214	whitebritish
6006700	6006700	whitebritish
2474024	2474024	whitebritish
3150815	3150815	whitebritish
2988173	2988173	whitebritish
5731447	5731447	whitebritish
3834125	3834125	whitebritish
3054298	3054298	whitebritish
3470389	3470389	whitebritish
2221087	2221087	whitebritish
1891642	1891642	whitebritish
2487191	2487191	whitebritish
2860006	2860006	whitebritish
2011742	2011742	whitebritish
2985745	2985745	whitebritish
4410973	4410973	whitebritish
1645400	1645400	whitebritish
3944142	3944142	whitebritish
4244674	4244674	whitebritish
3357692	3357692	whitebritish
4572334	4572334	whitebritish
2506302	2506302	whitebritish
3682074	3682074	whitebritish
3816996	3816996	whitebritish
2081378	2081378	whitebritish
1097358	1097358	whitebritish
2966300	2966300	whitebritish
1682379	1682379	whitebritish
4739174	4739174	whitebritish
4803066	4803066	whitebritish
5290802	5290802	whitebritish
5657428	5657428	whitebritish
2541616	2541616	whitebritish
1197421	1197421	whitebritish
1445932	1445932	whitebritish
4460210	4460210	whitebritish
5663086	5663086	whitebritish
3239693	3239693	whitebritish
1093469	1093469	whitebritish
4380013	4380013	whitebritish
4486207	4486207	whitebritish
4359640	4359640	whitebritish
4610308	4610308	whitebritish
3680452	3680452	whitebritish
4771987	4771987	whitebritish
4576476	4576476	whitebritish
2182493	2182493	whitebritish
4629288	4629288	whitebritish
1852116	1852116	whitebritish
1699014	1699014	whitebritish
3123824	3123824	whitebritish
4051370	4051370	whitebritish
3997924	3997924	whitebritish
3435173	3435173	whitebritish
4352234	4352234	whitebritish
1292221	1292221	whitebritish
1905004	1905004	whitebritish
3121105	3121105	whitebritish
2758043	2758043	whitebritish
1161206	1161206	whitebritish
5282860	5282860	whitebritish
1995194	1995194	whitebritish
1667790	1667790	whitebritish
4062277	4062277	whitebritish
5739120	5739120	whitebritish
2987606	2987606	whitebritish
3453624	3453624	whitebritish
3027605	3027605	whitebritish
3843176	3843176	whitebritish
3997727	3997727	whitebritish
4841117	4841117	whitebritish
6014962	6014962	whitebritish
5784753	5784753	whitebritish
4797643	4797643	whitebritish
3978579	3978579	whitebritish
3744779	3744779	whitebritish
5996705	5996705	whitebritish
5524547	5524547	whitebritish
4437271	4437271	whitebritish
1940799	1940799	whitebritish
1034801	1034801	whitebritish
1022744	1022744	whitebritish
5880253	5880253	whitebritish
4856184	4856184	whitebritish
3638139	3638139	whitebritish
5535595	5535595	whitebritish
3617527	3617527	whitebritish
5952897	5952897	whitebritish
5197913	5197913	whitebritish
1871675	1871675	whitebritish
2749470	2749470	whitebritish
3819346	3819346	whitebritish
5663967	5663967	whitebritish
3775179	3775179	whitebritish
3373000	3373000	whitebritish
3561247	3561247	whitebritish
2766277	2766277	whitebritish
4351997	4351997	whitebritish
1434074	1434074	whitebritish
4111049	4111049	whitebritish
1168607	1168607	whitebritish
1725329	1725329	whitebritish
4333060	4333060	whitebritish
4868516	4868516	whitebritish
3368468	3368468	whitebritish
5694250	5694250	whitebritish
1319176	1319176	whitebritish
1593736	1593736	whitebritish
5188807	5188807	whitebritish
4902223	4902223	whitebritish
5017764	5017764	whitebritish
3113152	3113152	whitebritish
4326493	4326493	whitebritish
3663060	3663060	whitebritish
1918227	1918227	whitebritish
1324493	1324493	whitebritish
3108468	3108468	whitebritish
5220460	5220460	whitebritish
3806211	3806211	whitebritish
3207095	3207095	whitebritish
5233303	5233303	whitebritish
4706705	4706705	whitebritish
4452463	4452463	whitebritish
3399632	3399632	whitebritish
5783644	5783644	whitebritish
5493813	5493813	whitebritish
1136448	1136448	whitebritish
3616249	3616249	whitebritish
5943762	5943762	whitebritish
3317378	3317378	whitebritish
3398796	3398796	whitebritish
5007407	5007407	whitebritish
3046708	3046708	whitebritish
5666516	5666516	whitebritish
1374786	1374786	whitebritish
2872545	2872545	whitebritish
1568915	1568915	whitebritish
1103720	1103720	whitebritish
2642268	2642268	whitebritish
4793901	4793901	whitebritish
2031956	2031956	whitebritish
2647887	2647887	whitebritish
3822023	3822023	whitebritish
4756554	4756554	whitebritish
3487288	3487288	whitebritish
3873171	3873171	whitebritish
1534926	1534926	whitebritish
4031119	4031119	whitebritish
1413468	1413468	whitebritish
1545916	1545916	whitebritish
3841501	3841501	whitebritish
4085222	4085222	whitebritish
5601639	5601639	whitebritish
5585133	5585133	whitebritish
3550491	3550491	whitebritish
5775740	5775740	whitebritish
5970151	5970151	whitebritish
1436224	1436224	whitebritish
3157987	3157987	whitebritish
2270147	2270147	whitebritish
5853745	5853745	whitebritish
5162491	5162491	whitebritish
5991069	5991069	whitebritish
1736996	1736996	whitebritish
1631474	1631474	whitebritish
5891525	5891525	whitebritish
5416099	5416099	whitebritish
6013827	6013827	whitebritish
1409042	1409042	whitebritish
3035787	3035787	whitebritish
2047449	2047449	whitebritish
1892119	1892119	whitebritish
5934604	5934604	whitebritish
2301668	2301668	whitebritish
2962230	2962230	whitebritish
3585413	3585413	whitebritish
4847806	4847806	whitebritish
2261070	2261070	whitebritish
3634638	3634638	whitebritish
2365200	2365200	whitebritish
4725290	4725290	whitebritish
3541445	3541445	whitebritish
2943824	2943824	whitebritish
4701661	4701661	whitebritish
2896900	2896900	whitebritish
2734238	2734238	whitebritish
3756629	3756629	whitebritish
2290408	2290408	whitebritish
1478293	1478293	whitebritish
3461940	3461940	whitebritish
2476013	2476013	whitebritish
5410229	5410229	whitebritish
3809419	3809419	whitebritish
3980879	3980879	whitebritish
3309307	3309307	whitebritish
3938201	3938201	whitebritish
2338561	2338561	whitebritish
5707956	5707956	whitebritish
1439919	1439919	whitebritish
4564371	4564371	whitebritish
4682127	4682127	whitebritish
5146481	5146481	whitebritish
2571880	2571880	whitebritish
3093684	3093684	whitebritish
4128178	4128178	whitebritish
2203841	2203841	whitebritish
1442077	1442077	whitebritish
1400722	1400722	whitebritish
5057424	5057424	whitebritish
4683098	4683098	whitebritish
1716152	1716152	whitebritish
5378962	5378962	whitebritish
4356611	4356611	whitebritish
3325472	3325472	whitebritish
3017725	3017725	whitebritish
4525237	4525237	whitebritish
4455926	4455926	whitebritish
4973049	4973049	whitebritish
3901290	3901290	whitebritish
4784118	4784118	whitebritish
2277687	2277687	whitebritish
1765309	1765309	whitebritish
2972998	2972998	whitebritish
4278935	4278935	whitebritish
2403566	2403566	whitebritish
3715894	3715894	whitebritish
5179467	5179467	whitebritish
2331293	2331293	whitebritish
2492836	2492836	whitebritish
3856537	3856537	whitebritish
5487728	5487728	whitebritish
3053102	3053102	whitebritish
1902936	1902936	whitebritish
5230197	5230197	whitebritish
3082494	3082494	whitebritish
4734869	4734869	whitebritish
2037497	2037497	whitebritish
4687363	4687363	whitebritish
4599123	4599123	whitebritish
4722845	4722845	whitebritish
5296327	5296327	whitebritish
3237824	3237824	whitebritish
3683152	3683152	whitebritish
4844232	4844232	whitebritish
5547090	5547090	whitebritish
1529514	1529514	whitebritish
6004626	6004626	whitebritish
1529089	1529089	whitebritish
1811753	1811753	whitebritish
2764851	2764851	whitebritish
5217916	5217916	whitebritish
4993705	4993705	whitebritish
3839498	3839498	whitebritish
5265757	5265757	whitebritish
2395041	2395041	whitebritish
2476912	2476912	whitebritish
5799056	5799056	whitebritish
4605604	4605604	whitebritish
1393210	1393210	whitebritish
1607090	1607090	whitebritish
5541632	5541632	whitebritish
4050404	4050404	whitebritish
4159285	4159285	whitebritish
2869714	2869714	whitebritish
2674949	2674949	whitebritish
4100630	4100630	whitebritish
4761115	4761115	whitebritish
1906901	1906901	whitebritish
1780191	1780191	whitebritish
5646610	5646610	whitebritish
3979158	3979158	whitebritish
5008194	5008194	whitebritish
2808045	2808045	whitebritish
3584894	3584894	whitebritish
3641186	3641186	whitebritish
2234483	2234483	whitebritish
4592528	4592528	whitebritish
4531977	4531977	whitebritish
5540232	5540232	whitebritish
2694533	2694533	whitebritish
5711062	5711062	whitebritish
2307873	2307873	whitebritish
4318007	4318007	whitebritish
5844187	5844187	whitebritish
5596102	5596102	whitebritish
5684155	5684155	whitebritish
2115433	2115433	whitebritish
2740676	2740676	whitebritish
2375868	2375868	whitebritish
2903707	2903707	whitebritish
3295637	3295637	whitebritish
1439782	1439782	whitebritish
4997938	4997938	whitebritish
2679088	2679088	whitebritish
4832233	4832233	whitebritish
5077330	5077330	whitebritish
3067087	3067087	whitebritish
2178831	2178831	whitebritish
5401417	5401417	whitebritish
4136604	4136604	whitebritish
4634693	4634693	whitebritish
5501856	5501856	whitebritish
1194501	1194501	whitebritish
3070884	3070884	whitebritish
4200969	4200969	whitebritish
5489308	5489308	whitebritish
3762990	3762990	whitebritish
1192907	1192907	whitebritish
1857548	1857548	whitebritish
2492690	2492690	whitebritish
2623152	2623152	whitebritish
1079215	1079215	whitebritish
5085409	5085409	whitebritish
2494011	2494011	whitebritish
3533506	3533506	whitebritish
3806880	3806880	whitebritish
4724081	4724081	whitebritish
3945448	3945448	whitebritish
5362021	5362021	whitebritish
2060902	2060902	whitebritish
1388798	1388798	whitebritish
5174485	5174485	whitebritish
2784194	2784194	whitebritish
2969778	2969778	whitebritish
2024687	2024687	whitebritish
3306017	3306017	whitebritish
1125348	1125348	whitebritish
5163312	5163312	whitebritish
4840419	4840419	whitebritish
2928395	2928395	whitebritish
3858626	3858626	whitebritish
5046658	5046658	whitebritish
4999444	4999444	whitebritish
2542767	2542767	whitebritish
5553010	5553010	whitebritish
2740628	2740628	whitebritish
3306366	3306366	whitebritish
5283342	5283342	whitebritish
3033851	3033851	whitebritish
5937395	5937395	whitebritish
3368689	3368689	whitebritish
4698275	4698275	whitebritish
3006031	3006031	whitebritish
4361172	4361172	whitebritish
3391013	3391013	whitebritish
1551885	1551885	whitebritish
5590733	5590733	whitebritish
1425245	1425245	whitebritish
1990620	1990620	whitebritish
4822279	4822279	whitebritish
3088165	3088165	whitebritish
4953056	4953056	whitebritish
2723047	2723047	whitebritish
2493821	2493821	whitebritish
1919479	1919479	whitebritish
5181739	5181739	whitebritish
4679925	4679925	whitebritish
4790991	4790991	whitebritish
5498730	5498730	whitebritish
2046355	2046355	whitebritish
3618324	3618324	whitebritish
3853066	3853066	whitebritish
4160958	4160958	whitebritish
3378833	3378833	whitebritish
4469370	4469370	whitebritish
3550779	3550779	whitebritish
1473334	1473334	whitebritish
5036623	5036623	whitebritish
5046069	5046069	whitebritish
4204613	4204613	whitebritish
4508141	4508141	whitebritish
5253949	5253949	whitebritish
2460725	2460725	whitebritish
3997174	3997174	whitebritish
2414107	2414107	whitebritish
3070919	3070919	whitebritish
1960140	1960140	whitebritish
3211378	3211378	whitebritish
1476429	1476429	whitebritish
3057883	3057883	whitebritish
3917600	3917600	whitebritish
1837803	1837803	whitebritish
4761392	4761392	whitebritish
1985856	1985856	whitebritish
5350337	5350337	whitebritish
1223382	1223382	whitebritish
2163444	2163444	whitebritish
1553284	1553284	whitebritish
2861637	2861637	whitebritish
2473639	2473639	whitebritish
2871541	2871541	whitebritish
5943243	5943243	whitebritish
3874770	3874770	whitebritish
4392324	4392324	whitebritish
1530905	1530905	whitebritish
4922701	4922701	whitebritish
1786246	1786246	whitebritish
3175990	3175990	whitebritish
1511448	1511448	whitebritish
5006887	5006887	whitebritish
2900420	2900420	whitebritish
2560475	2560475	whitebritish
2289034	2289034	whitebritish
3190582	3190582	whitebritish
1391772	1391772	whitebritish
5750138	5750138	whitebritish
2802979	2802979	whitebritish
1984893	1984893	whitebritish
5803312	5803312	whitebritish
1579755	1579755	whitebritish
1871915	1871915	whitebritish
5022172	5022172	whitebritish
1196128	1196128	whitebritish
2902175	2902175	whitebritish
4830464	4830464	whitebritish
3634502	3634502	whitebritish
4730345	4730345	whitebritish
2099218	2099218	whitebritish
3751964	3751964	whitebritish
5044996	5044996	whitebritish
4837427	4837427	whitebritish
2674333	2674333	whitebritish
4906403	4906403	whitebritish
3826422	3826422	whitebritish
3011986	3011986	whitebritish
2574332	2574332	whitebritish
3609054	3609054	whitebritish
5761006	5761006	whitebritish
2348809	2348809	whitebritish
2835641	2835641	whitebritish
4893939	4893939	whitebritish
1387793	1387793	whitebritish
2664167	2664167	whitebritish
4542564	4542564	whitebritish
1725966	1725966	whitebritish
3554533	3554533	whitebritish
1410986	1410986	whitebritish
1148293	1148293	whitebritish
4637282	4637282	whitebritish
2473040	2473040	whitebritish
4996414	4996414	whitebritish
3340282	3340282	whitebritish
3909994	3909994	whitebritish
4076362	4076362	whitebritish
4412868	4412868	whitebritish
3346283	3346283	whitebritish
1194987	1194987	whitebritish
2037753	2037753	whitebritish
5160610	5160610	whitebritish
4275503	4275503	whitebritish
3000995	3000995	whitebritish
1897327	1897327	whitebritish
3641745	3641745	whitebritish
2183904	2183904	whitebritish
2416288	2416288	whitebritish
2921208	2921208	whitebritish
4114232	4114232	whitebritish
1879709	1879709	whitebritish
4108613	4108613	whitebritish
3019386	3019386	whitebritish
2525409	2525409	whitebritish
1058292	1058292	whitebritish
3240859	3240859	whitebritish
2209411	2209411	whitebritish
4695726	4695726	whitebritish
5990457	5990457	whitebritish
3524268	3524268	whitebritish
4440225	4440225	whitebritish
2380927	2380927	whitebritish
4845238	4845238	whitebritish
1678887	1678887	whitebritish
5330049	5330049	whitebritish
4812479	4812479	whitebritish
4271320	4271320	whitebritish
2074832	2074832	whitebritish
4030859	4030859	whitebritish
1999576	1999576	whitebritish
5039046	5039046	whitebritish
1645706	1645706	whitebritish
3376424	3376424	whitebritish
3513490	3513490	whitebritish
1731766	1731766	whitebritish
1056360	1056360	whitebritish
3262341	3262341	whitebritish
4256312	4256312	whitebritish
5880662	5880662	whitebritish
2022153	2022153	whitebritish
2074701	2074701	whitebritish
2697901	2697901	whitebritish
1691997	1691997	whitebritish
3770223	3770223	whitebritish
1944839	1944839	whitebritish
5433906	5433906	whitebritish
1355394	1355394	whitebritish
5188042	5188042	whitebritish
2486613	2486613	whitebritish
5490001	5490001	whitebritish
4567926	4567926	whitebritish
5837528	5837528	whitebritish
1337170	1337170	whitebritish
5553106	5553106	whitebritish
1183772	1183772	whitebritish
2547873	2547873	whitebritish
5513362	5513362	whitebritish
4171933	4171933	whitebritish
1021712	1021712	whitebritish
5278772	5278772	whitebritish
3416132	3416132	whitebritish
1080039	1080039	whitebritish
3380339	3380339	whitebritish
1000141	1000141	whitebritish
3150759	3150759	whitebritish
4317616	4317616	whitebritish
4400488	4400488	whitebritish
1486192	1486192	whitebritish
1088874	1088874	whitebritish
2636949	2636949	whitebritish
3333370	3333370	whitebritish
5555695	5555695	whitebritish
2552592	2552592	whitebritish
2364127	2364127	whitebritish
1345224	1345224	whitebritish
2306289	2306289	whitebritish
3773870	3773870	whitebritish
5301596	5301596	whitebritish
2995619	2995619	whitebritish
2411953	2411953	whitebritish
1530842	1530842	whitebritish
1535511	1535511	whitebritish
4120177	4120177	whitebritish
3811397	3811397	whitebritish
2442158	2442158	whitebritish
3953451	3953451	whitebritish
4276296	4276296	whitebritish
2754096	2754096	whitebritish
3178665	3178665	whitebritish
4091712	4091712	whitebritish
3820304	3820304	whitebritish
1673378	1673378	whitebritish
5478960	5478960	whitebritish
2107771	2107771	whitebritish
1078778	1078778	whitebritish
2233585	2233585	whitebritish
3529385	3529385	whitebritish
2423779	2423779	whitebritish
2684078	2684078	whitebritish
3208089	3208089	whitebritish
5634481	5634481	whitebritish
2606279	2606279	whitebritish
2784846	2784846	whitebritish
4169301	4169301	whitebritish
2165188	2165188	whitebritish
4016266	4016266	whitebritish
2982194	2982194	whitebritish
4784368	4784368	whitebritish
4545255	4545255	whitebritish
3408623	3408623	whitebritish
2803348	2803348	whitebritish
2221024	2221024	whitebritish
4529171	4529171	whitebritish
3535910	3535910	whitebritish
4186098	4186098	whitebritish
4147695	4147695	whitebritish
3437155	3437155	whitebritish
1502297	1502297	whitebritish
2041537	2041537	whitebritish
1096592	1096592	whitebritish
4356081	4356081	whitebritish
2420894	2420894	whitebritish
1029015	1029015	whitebritish
3052765	3052765	whitebritish
5577544	5577544	whitebritish
2470148	2470148	whitebritish
1683265	1683265	whitebritish
2563367	2563367	whitebritish
3701224	3701224	whitebritish
5276592	5276592	whitebritish
2610430	2610430	whitebritish
1441863	1441863	whitebritish
2757995	2757995	whitebritish
3525303	3525303	whitebritish
5415164	5415164	whitebritish
1526031	1526031	whitebritish
2356918	2356918	whitebritish
5483809	5483809	whitebritish
5591679	5591679	whitebritish
4562803	4562803	whitebritish
1121267	1121267	whitebritish
4899203	4899203	whitebritish
3715815	3715815	whitebritish
3406877	3406877	whitebritish
2460350	2460350	whitebritish
1883596	1883596	whitebritish
1983853	1983853	whitebritish
1792697	1792697	whitebritish
1161300	1161300	whitebritish
2785579	2785579	whitebritish
2496611	2496611	whitebritish
3518495	3518495	whitebritish
2252293	2252293	whitebritish
3484642	3484642	whitebritish
5021069	5021069	whitebritish
2260425	2260425	whitebritish
5541722	5541722	whitebritish
4735320	4735320	whitebritish
1811888	1811888	whitebritish
3967648	3967648	whitebritish
1313578	1313578	whitebritish
4893312	4893312	whitebritish
5136258	5136258	whitebritish
5743156	5743156	whitebritish
1034260	1034260	whitebritish
5650031	5650031	whitebritish
2867161	2867161	whitebritish
4222688	4222688	whitebritish
2957353	2957353	whitebritish
1320568	1320568	whitebritish
1041781	1041781	whitebritish
2542224	2542224	whitebritish
3854013	3854013	whitebritish
5164167	5164167	whitebritish
2503062	2503062	whitebritish
2274922	2274922	whitebritish
4751210	4751210	whitebritish
1522014	1522014	whitebritish
3628327	3628327	whitebritish
5273215	5273215	whitebritish
4667118	4667118	whitebritish
5167927	5167927	whitebritish
5476910	5476910	whitebritish
2003252	2003252	whitebritish
5263330	5263330	whitebritish
4286670	4286670	whitebritish
5676480	5676480	whitebritish
5051419	5051419	whitebritish
1176053	1176053	whitebritish
3978055	3978055	whitebritish
1369794	1369794	whitebritish
4320130	4320130	whitebritish
3563096	3563096	whitebritish
5764734	5764734	whitebritish
1783004	1783004	whitebritish
5992434	5992434	whitebritish
5472268	5472268	whitebritish
3738281	3738281	whitebritish
1362855	1362855	whitebritish
5174652	5174652	whitebritish
3018983	3018983	whitebritish
1659261	1659261	whitebritish
3259065	3259065	whitebritish
1087251	1087251	whitebritish
4147355	4147355	whitebritish
1246734	1246734	whitebritish
5076239	5076239	whitebritish
5966368	5966368	whitebritish
3353961	3353961	whitebritish
1752288	1752288	whitebritish
1558308	1558308	whitebritish
3680532	3680532	whitebritish
4828057	4828057	whitebritish
4052452	4052452	whitebritish
4576155	4576155	whitebritish
1085880	1085880	whitebritish
1209095	1209095	whitebritish
2727107	2727107	whitebritish
4408924	4408924	whitebritish
3203961	3203961	whitebritish
3806994	3806994	whitebritish
2844269	2844269	whitebritish
1334463	1334463	whitebritish
2533724	2533724	whitebritish
4305502	4305502	whitebritish
5007641	5007641	whitebritish
3147587	3147587	whitebritish
4394434	4394434	whitebritish
3827803	3827803	whitebritish
2054005	2054005	whitebritish
5532139	5532139	whitebritish
2488312	2488312	whitebritish
2080688	2080688	whitebritish
4678908	4678908	whitebritish
3802414	3802414	whitebritish
2608954	2608954	whitebritish
5019088	5019088	whitebritish
3125326	3125326	whitebritish
1201980	1201980	whitebritish
2857850	2857850	whitebritish
4868007	4868007	whitebritish
3820745	3820745	whitebritish
1698045	1698045	whitebritish
3162594	3162594	whitebritish
1289377	1289377	whitebritish
2469610	2469610	whitebritish
4536057	4536057	whitebritish
5275603	5275603	whitebritish
3837530	3837530	whitebritish
5181191	5181191	whitebritish
2136753	2136753	whitebritish
5215387	5215387	whitebritish
1606307	1606307	whitebritish
2852013	2852013	whitebritish
2118699	2118699	whitebritish
1821586	1821586	whitebritish
4036226	4036226	whitebritish
2795883	2795883	whitebritish
1921629	1921629	whitebritish
1105617	1105617	whitebritish
3779004	3779004	whitebritish
5605074	5605074	whitebritish
1116320	1116320	whitebritish
1306484	1306484	whitebritish
1480313	1480313	whitebritish
3313098	3313098	whitebritish
2550160	2550160	whitebritish
5179544	5179544	whitebritish
2263271	2263271	whitebritish
2607994	2607994	whitebritish
4659186	4659186	whitebritish
5709372	5709372	whitebritish
1223619	1223619	whitebritish
3908633	3908633	whitebritish
4438306	4438306	whitebritish
5693164	5693164	whitebritish
1970698	1970698	whitebritish
4502104	4502104	whitebritish
5032208	5032208	whitebritish
4851006	4851006	whitebritish
1893321	1893321	whitebritish
3972078	3972078	whitebritish
2526850	2526850	whitebritish
4907067	4907067	whitebritish
5294754	5294754	whitebritish
5640679	5640679	whitebritish
5636820	5636820	whitebritish
3781031	3781031	whitebritish
3297624	3297624	whitebritish
5611685	5611685	whitebritish
3929730	3929730	whitebritish
5086945	5086945	whitebritish
3851999	3851999	whitebritish
5562146	5562146	whitebritish
3428195	3428195	whitebritish
2793853	2793853	whitebritish
1364496	1364496	whitebritish
3804127	3804127	whitebritish
1254494	1254494	whitebritish
5272763	5272763	whitebritish
4547352	4547352	whitebritish
3284180	3284180	whitebritish
4534125	4534125	whitebritish
1934384	1934384	whitebritish
5796812	5796812	whitebritish
1540762	1540762	whitebritish
1885240	1885240	whitebritish
1375967	1375967	whitebritish
1920623	1920623	whitebritish
3470727	3470727	whitebritish
1784557	1784557	whitebritish
4151948	4151948	whitebritish
2930432	2930432	whitebritish
4768963	4768963	whitebritish
5450597	5450597	whitebritish
4511743	4511743	whitebritish
3736875	3736875	whitebritish
4072089	4072089	whitebritish
1260221	1260221	whitebritish
3270143	3270143	whitebritish
5937874	5937874	whitebritish
5408585	5408585	whitebritish
4433144	4433144	whitebritish
1333669	1333669	whitebritish
5402697	5402697	whitebritish
2140517	2140517	whitebritish
4403763	4403763	whitebritish
2607473	2607473	whitebritish
1213497	1213497	whitebritish
3150098	3150098	whitebritish
2609420	2609420	whitebritish
3258488	3258488	whitebritish
4397290	4397290	whitebritish
3934114	3934114	whitebritish
2978466	2978466	whitebritish
3674252	3674252	whitebritish
1825202	1825202	whitebritish
5010407	5010407	whitebritish
4529617	4529617	whitebritish
4419565	4419565	whitebritish
2420037	2420037	whitebritish
5517260	5517260	whitebritish
3469255	3469255	whitebritish
1721100	1721100	whitebritish
4268824	4268824	whitebritish
5104731	5104731	whitebritish
4646712	4646712	whitebritish
5726967	5726967	whitebritish
2864600	2864600	whitebritish
1015536	1015536	whitebritish
3433629	3433629	whitebritish
5117761	5117761	whitebritish
3405786	3405786	whitebritish
4228629	4228629	whitebritish
5963460	5963460	whitebritish
1436170	1436170	whitebritish
3081583	3081583	whitebritish
2103229	2103229	whitebritish
4809410	4809410	whitebritish
5488493	5488493	whitebritish
2483259	2483259	whitebritish
3226808	3226808	whitebritish
3077731	3077731	whitebritish
4323893	4323893	whitebritish
1537927	1537927	whitebritish
3149981	3149981	whitebritish
3310664	3310664	whitebritish
5157625	5157625	whitebritish
2063953	2063953	whitebritish
5001963	5001963	whitebritish
1822576	1822576	whitebritish
2266074	2266074	whitebritish
2612218	2612218	whitebritish
2670066	2670066	whitebritish
5872775	5872775	whitebritish
4321791	4321791	whitebritish
3655381	3655381	whitebritish
5033430	5033430	whitebritish
2205687	2205687	whitebritish
5428322	5428322	whitebritish
2146131	2146131	whitebritish
1810399	1810399	whitebritish
5288776	5288776	whitebritish
4754561	4754561	whitebritish
5869386	5869386	whitebritish
5156639	5156639	whitebritish
5773744	5773744	whitebritish
2140708	2140708	whitebritish
4153381	4153381	whitebritish
4651000	4651000	whitebritish
5009079	5009079	whitebritish
1566613	1566613	whitebritish
5526977	5526977	whitebritish
5107312	5107312	whitebritish
1816763	1816763	whitebritish
2124788	2124788	whitebritish
2844584	2844584	whitebritish
1700912	1700912	whitebritish
5001212	5001212	whitebritish
5492215	5492215	whitebritish
2062155	2062155	whitebritish
3222288	3222288	whitebritish
3439051	3439051	whitebritish
5847351	5847351	whitebritish
4303199	4303199	whitebritish
2647149	2647149	whitebritish
3903200	3903200	whitebritish
5199446	5199446	whitebritish
3688756	3688756	whitebritish
2427840	2427840	whitebritish
4794505	4794505	whitebritish
4490354	4490354	whitebritish
1556254	1556254	whitebritish
4352533	4352533	whitebritish
2726781	2726781	whitebritish
4495783	4495783	whitebritish
2252217	2252217	whitebritish
3734748	3734748	whitebritish
2676415	2676415	whitebritish
3236332	3236332	whitebritish
5028714	5028714	whitebritish
2658285	2658285	whitebritish
2349088	2349088	whitebritish
5123591	5123591	whitebritish
3002155	3002155	whitebritish
5883268	5883268	whitebritish
5933195	5933195	whitebritish
5605881	5605881	whitebritish
5706624	5706624	whitebritish
4616400	4616400	whitebritish
1130048	1130048	whitebritish
2915073	2915073	whitebritish
3558920	3558920	whitebritish
2923747	2923747	whitebritish
2029779	2029779	whitebritish
5627149	5627149	whitebritish
3738052	3738052	whitebritish
3499903	3499903	whitebritish
4155527	4155527	whitebritish
2971798	2971798	whitebritish
3865484	3865484	whitebritish
3056328	3056328	whitebritish
1239080	1239080	whitebritish
4348746	4348746	whitebritish
3970639	3970639	whitebritish
3339362	3339362	whitebritish
3930604	3930604	whitebritish
1649078	1649078	whitebritish
2149336	2149336	whitebritish
3160424	3160424	whitebritish
1596896	1596896	whitebritish
5934873	5934873	whitebritish
5478352	5478352	whitebritish
2386705	2386705	whitebritish
2971152	2971152	whitebritish
4906027	4906027	whitebritish
1217671	1217671	whitebritish
5299012	5299012	whitebritish
1482395	1482395	whitebritish
1863117	1863117	whitebritish
4187337	4187337	whitebritish
5790596	5790596	whitebritish
2150569	2150569	whitebritish
4325814	4325814	whitebritish
3583121	3583121	whitebritish
4623033	4623033	whitebritish
3873133	3873133	whitebritish
3679716	3679716	whitebritish
4727422	4727422	whitebritish
3845959	3845959	whitebritish
2618682	2618682	whitebritish
1290140	1290140	whitebritish
3822145	3822145	whitebritish
2383610	2383610	whitebritish
2289222	2289222	whitebritish
1612737	1612737	whitebritish
1737490	1737490	whitebritish
3593465	3593465	whitebritish
3151360	3151360	whitebritish
3324292	3324292	whitebritish
1007940	1007940	whitebritish
5612341	5612341	whitebritish
4655432	4655432	whitebritish
4557907	4557907	whitebritish
5467815	5467815	whitebritish
1305949	1305949	whitebritish
4304689	4304689	whitebritish
3322593	3322593	whitebritish
2299632	2299632	whitebritish
5261055	5261055	whitebritish
1208225	1208225	whitebritish
3148219	3148219	whitebritish
5263278	5263278	whitebritish
5582412	5582412	whitebritish
5876617	5876617	whitebritish
5886603	5886603	whitebritish
5721951	5721951	whitebritish
3249507	3249507	whitebritish
5206345	5206345	whitebritish
5798926	5798926	whitebritish
5340726	5340726	whitebritish
4394092	4394092	whitebritish
2188741	2188741	whitebritish
4208330	4208330	whitebritish
1474081	1474081	whitebritish
2781563	2781563	whitebritish
2380541	2380541	whitebritish
2847513	2847513	whitebritish
2585190	2585190	whitebritish
2468631	2468631	whitebritish
2700947	2700947	whitebritish
3411697	3411697	whitebritish
5075247	5075247	whitebritish
2427358	2427358	whitebritish
1210434	1210434	whitebritish
4792725	4792725	whitebritish
1432412	1432412	whitebritish
4619254	4619254	whitebritish
3185266	3185266	whitebritish
5591047	5591047	whitebritish
1559928	1559928	whitebritish
1300507	1300507	whitebritish
4170209	4170209	whitebritish
4135913	4135913	whitebritish
4002768	4002768	whitebritish
1487759	1487759	whitebritish
1007756	1007756	whitebritish
4790422	4790422	whitebritish
5765406	5765406	whitebritish
5338357	5338357	whitebritish
1557294	1557294	whitebritish
5761919	5761919	whitebritish
2876714	2876714	whitebritish
1969611	1969611	whitebritish
5951621	5951621	whitebritish
3752737	3752737	whitebritish
2262186	2262186	whitebritish
1970629	1970629	whitebritish
1257840	1257840	whitebritish
5079541	5079541	whitebritish
3850814	3850814	whitebritish
6016675	6016675	whitebritish
5526260	5526260	whitebritish
3901717	3901717	whitebritish
2762714	2762714	whitebritish
5922546	5922546	whitebritish
3007379	3007379	whitebritish
2522818	2522818	whitebritish
4149784	4149784	whitebritish
2430282	2430282	whitebritish
3147346	3147346	whitebritish
5565702	5565702	whitebritish
4293566	4293566	whitebritish
3854998	3854998	whitebritish
2253798	2253798	whitebritish
1973461	1973461	whitebritish
1086728	1086728	whitebritish
3811237	3811237	whitebritish
1549326	1549326	whitebritish
3864699	3864699	whitebritish
5332687	5332687	whitebritish
5311001	5311001	whitebritish
1256887	1256887	whitebritish
4007209	4007209	whitebritish
4623593	4623593	whitebritish
3763860	3763860	whitebritish
3334900	3334900	whitebritish
2049492	2049492	whitebritish
2349696	2349696	whitebritish
1808931	1808931	whitebritish
3732429	3732429	whitebritish
1620627	1620627	whitebritish
2880988	2880988	whitebritish
3156962	3156962	whitebritish
2382356	2382356	whitebritish
2736349	2736349	whitebritish
4952591	4952591	whitebritish
3176804	3176804	whitebritish
5922671	5922671	whitebritish
1178593	1178593	whitebritish
4740986	4740986	whitebritish
2432508	2432508	whitebritish
3832229	3832229	whitebritish
3960557	3960557	whitebritish
5466010	5466010	whitebritish
5866972	5866972	whitebritish
4849868	4849868	whitebritish
3176730	3176730	whitebritish
1467415	1467415	whitebritish
4537323	4537323	whitebritish
2378942	2378942	whitebritish
5709821	5709821	whitebritish
5114802	5114802	whitebritish
1717551	1717551	whitebritish
5655130	5655130	whitebritish
4429981	4429981	whitebritish
4454328	4454328	whitebritish
1790319	1790319	whitebritish
5943117	5943117	whitebritish
2149064	2149064	whitebritish
1440742	1440742	whitebritish
4603042	4603042	whitebritish
3963429	3963429	whitebritish
2613017	2613017	whitebritish
3140214	3140214	whitebritish
1482406	1482406	whitebritish
2191628	2191628	whitebritish
1045410	1045410	whitebritish
1764037	1764037	whitebritish
2598729	2598729	whitebritish
2127026	2127026	whitebritish
2076000	2076000	whitebritish
1951719	1951719	whitebritish
5613898	5613898	whitebritish
4814036	4814036	whitebritish
5430058	5430058	whitebritish
3238853	3238853	whitebritish
4957547	4957547	whitebritish
2014335	2014335	whitebritish
3604085	3604085	whitebritish
1326332	1326332	whitebritish
4314486	4314486	whitebritish
4120392	4120392	whitebritish
4513469	4513469	whitebritish
3185535	3185535	whitebritish
4164052	4164052	whitebritish
2579394	2579394	whitebritish
1016843	1016843	whitebritish
3085533	3085533	whitebritish
1899333	1899333	whitebritish
3005399	3005399	whitebritish
4980049	4980049	whitebritish
4328640	4328640	whitebritish
2998402	2998402	whitebritish
4973757	4973757	whitebritish
5588566	5588566	whitebritish
1165858	1165858	whitebritish
1298375	1298375	whitebritish
3957306	3957306	whitebritish
2736758	2736758	whitebritish
4660982	4660982	whitebritish
3622869	3622869	whitebritish
5159635	5159635	whitebritish
2163525	2163525	whitebritish
4908548	4908548	whitebritish
1069570	1069570	whitebritish
5036191	5036191	whitebritish
3182480	3182480	whitebritish
1958489	1958489	whitebritish
1680737	1680737	whitebritish
5158792	5158792	whitebritish
2604779	2604779	whitebritish
1571170	1571170	whitebritish
5712508	5712508	whitebritish
2721268	2721268	whitebritish
2727336	2727336	whitebritish
1760170	1760170	whitebritish
3508414	3508414	whitebritish
4169590	4169590	whitebritish
1005708	1005708	whitebritish
5596783	5596783	whitebritish
1417083	1417083	whitebritish
2266293	2266293	whitebritish
3199947	3199947	whitebritish
3920424	3920424	whitebritish
3226135	3226135	whitebritish
2409979	2409979	whitebritish
3259169	3259169	whitebritish
5018986	5018986	whitebritish
5182147	5182147	whitebritish
1126499	1126499	whitebritish
5038641	5038641	whitebritish
5772356	5772356	whitebritish
3923868	3923868	whitebritish
4512994	4512994	whitebritish
5497553	5497553	whitebritish
3211307	3211307	whitebritish
2407638	2407638	whitebritish
2618460	2618460	whitebritish
5389864	5389864	whitebritish
5102702	5102702	whitebritish
3601690	3601690	whitebritish
5486152	5486152	whitebritish
4640177	4640177	whitebritish
1304017	1304017	whitebritish
1758907	1758907	whitebritish
5257339	5257339	whitebritish
2369545	2369545	whitebritish
3611468	3611468	whitebritish
4311354	4311354	whitebritish
3903628	3903628	whitebritish
2110560	2110560	whitebritish
4552186	4552186	whitebritish
4118964	4118964	whitebritish
5071734	5071734	whitebritish
2341161	2341161	whitebritish
4127494	4127494	whitebritish
1780978	1780978	whitebritish
5368071	5368071	whitebritish
1357059	1357059	whitebritish
3232932	3232932	whitebritish
2022443	2022443	whitebritish
4598708	4598708	whitebritish
1249782	1249782	whitebritish
4048239	4048239	whitebritish
3974672	3974672	whitebritish
3215598	3215598	whitebritish
2648051	2648051	whitebritish
4999976	4999976	whitebritish
5059976	5059976	whitebritish
2999380	2999380	whitebritish
5426334	5426334	whitebritish
2762815	2762815	whitebritish
1975114	1975114	whitebritish
3362889	3362889	whitebritish
3886328	3886328	whitebritish
2421963	2421963	whitebritish
1526871	1526871	whitebritish
1538784	1538784	whitebritish
2375919	2375919	whitebritish
2269870	2269870	whitebritish
2420005	2420005	whitebritish
2818596	2818596	whitebritish
3292894	3292894	whitebritish
1504362	1504362	whitebritish
3019689	3019689	whitebritish
3683031	3683031	whitebritish
5499959	5499959	whitebritish
2437511	2437511	whitebritish
4625108	4625108	whitebritish
2338990	2338990	whitebritish
2717114	2717114	whitebritish
3031786	3031786	whitebritish
2994235	2994235	whitebritish
3072652	3072652	whitebritish
4071208	4071208	whitebritish
2493706	2493706	whitebritish
1518492	1518492	whitebritish
2318607	2318607	whitebritish
5392681	5392681	whitebritish
2565582	2565582	whitebritish
4908497	4908497	whitebritish
4629259	4629259	whitebritish
4121091	4121091	whitebritish
3767971	3767971	whitebritish
3337009	3337009	whitebritish
4998382	4998382	whitebritish
1648361	1648361	whitebritish
5047444	5047444	whitebritish
6001567	6001567	whitebritish
2885088	2885088	whitebritish
3756393	3756393	whitebritish
1518941	1518941	whitebritish
4287709	4287709	whitebritish
3811544	3811544	whitebritish
2558254	2558254	whitebritish
3780507	3780507	whitebritish
2075330	2075330	whitebritish
1345701	1345701	whitebritish
4843012	4843012	whitebritish
1403127	1403127	whitebritish
3308916	3308916	whitebritish
2867399	2867399	whitebritish
4157938	4157938	whitebritish
5844750	5844750	whitebritish
5794816	5794816	whitebritish
1257612	1257612	whitebritish
1216414	1216414	whitebritish
2238220	2238220	whitebritish
2921352	2921352	whitebritish
2799474	2799474	whitebritish
4079868	4079868	whitebritish
3746945	3746945	whitebritish
2737095	2737095	whitebritish
3362421	3362421	whitebritish
5986422	5986422	whitebritish
2283164	2283164	whitebritish
2951652	2951652	whitebritish
1544075	1544075	whitebritish
5740587	5740587	whitebritish
1608037	1608037	whitebritish
4263770	4263770	whitebritish
4122298	4122298	whitebritish
5791141	5791141	whitebritish
2020354	2020354	whitebritish
4728890	4728890	whitebritish
1202443	1202443	whitebritish
5687874	5687874	whitebritish
5959247	5959247	whitebritish
3386489	3386489	whitebritish
4308173	4308173	whitebritish
5905562	5905562	whitebritish
2229824	2229824	whitebritish
2838650	2838650	whitebritish
5658562	5658562	whitebritish
1872593	1872593	whitebritish
1842656	1842656	whitebritish
4508408	4508408	whitebritish
1038339	1038339	whitebritish
4584374	4584374	whitebritish
2641254	2641254	whitebritish
2158781	2158781	whitebritish
1911625	1911625	whitebritish
5664902	5664902	whitebritish
1133498	1133498	whitebritish
2642694	2642694	whitebritish
2965750	2965750	whitebritish
1607832	1607832	whitebritish
4838715	4838715	whitebritish
1454163	1454163	whitebritish
3616892	3616892	whitebritish
5000771	5000771	whitebritish
2397645	2397645	whitebritish
1905975	1905975	whitebritish
5785107	5785107	whitebritish
3228428	3228428	whitebritish
3576387	3576387	whitebritish
4731958	4731958	whitebritish
4922568	4922568	whitebritish
2245365	2245365	whitebritish
1356418	1356418	whitebritish
1717385	1717385	whitebritish
2925867	2925867	whitebritish
1753728	1753728	whitebritish
2136961	2136961	whitebritish
4350463	4350463	whitebritish
5977364	5977364	whitebritish
1046199	1046199	whitebritish
5251219	5251219	whitebritish
5757268	5757268	whitebritish
1457923	1457923	whitebritish
3471909	3471909	whitebritish
5071198	5071198	whitebritish
3787204	3787204	whitebritish
5731327	5731327	whitebritish
1853493	1853493	whitebritish
1721472	1721472	whitebritish
5710841	5710841	whitebritish
1716865	1716865	whitebritish
5721680	5721680	whitebritish
2336285	2336285	whitebritish
2452461	2452461	whitebritish
1350993	1350993	whitebritish
3891074	3891074	whitebritish
3044409	3044409	whitebritish
4739109	4739109	whitebritish
1007681	1007681	whitebritish
3774549	3774549	whitebritish
2247400	2247400	whitebritish
3968456	3968456	whitebritish
5786919	5786919	whitebritish
5464607	5464607	whitebritish
4597416	4597416	whitebritish
4912068	4912068	whitebritish
4052526	4052526	whitebritish
4367831	4367831	whitebritish
1505368	1505368	whitebritish
3563786	3563786	whitebritish
1327343	1327343	whitebritish
1048296	1048296	whitebritish
2286627	2286627	whitebritish
5956632	5956632	whitebritish
1602325	1602325	whitebritish
5860660	5860660	whitebritish
1497864	1497864	whitebritish
2409321	2409321	whitebritish
5632954	5632954	whitebritish
4569802	4569802	whitebritish
3476674	3476674	whitebritish
3204966	3204966	whitebritish
2364102	2364102	whitebritish
1106236	1106236	whitebritish
5438777	5438777	whitebritish
1536561	1536561	whitebritish
3574455	3574455	whitebritish
4849413	4849413	whitebritish
4141062	4141062	whitebritish
1791285	1791285	whitebritish
3416898	3416898	whitebritish
1734611	1734611	whitebritish
1456702	1456702	whitebritish
5043907	5043907	whitebritish
2715615	2715615	whitebritish
5847515	5847515	whitebritish
1723163	1723163	whitebritish
3197973	3197973	whitebritish
4365793	4365793	whitebritish
2939712	2939712	whitebritish
3420311	3420311	whitebritish
4404770	4404770	whitebritish
5707049	5707049	whitebritish
3210507	3210507	whitebritish
5850130	5850130	whitebritish
5869557	5869557	whitebritish
5115259	5115259	whitebritish
5328226	5328226	whitebritish
2986488	2986488	whitebritish
1531891	1531891	whitebritish
2608172	2608172	whitebritish
3431257	3431257	whitebritish
1562323	1562323	whitebritish
3797243	3797243	whitebritish
1279693	1279693	whitebritish
3965142	3965142	whitebritish
1435225	1435225	whitebritish
1182865	1182865	whitebritish
5956852	5956852	whitebritish
2933193	2933193	whitebritish
4418432	4418432	whitebritish
2671864	2671864	whitebritish
3267840	3267840	whitebritish
1050034	1050034	whitebritish
5954559	5954559	whitebritish
5063795	5063795	whitebritish
5488673	5488673	whitebritish
2686149	2686149	whitebritish
3973784	3973784	whitebritish
4226065	4226065	whitebritish
4279515	4279515	whitebritish
5516489	5516489	whitebritish
5149852	5149852	whitebritish
5896537	5896537	whitebritish
1426586	1426586	whitebritish
3368260	3368260	whitebritish
1094861	1094861	whitebritish
5137851	5137851	whitebritish
2510243	2510243	whitebritish
4030322	4030322	whitebritish
1190038	1190038	whitebritish
5391352	5391352	whitebritish
2831137	2831137	whitebritish
5217388	5217388	whitebritish
1160103	1160103	whitebritish
2476222	2476222	whitebritish
1666086	1666086	whitebritish
5121233	5121233	whitebritish
3451192	3451192	whitebritish
5809826	5809826	whitebritish
3198481	3198481	whitebritish
3996130	3996130	whitebritish
5840585	5840585	whitebritish
3780117	3780117	whitebritish
3040471	3040471	whitebritish
2181745	2181745	whitebritish
1548331	1548331	whitebritish
5459152	5459152	whitebritish
2467915	2467915	whitebritish
3331234	3331234	whitebritish
2409904	2409904	whitebritish
5393041	5393041	whitebritish
1524446	1524446	whitebritish
3919471	3919471	whitebritish
3962788	3962788	whitebritish
1063394	1063394	whitebritish
4240458	4240458	whitebritish
4337173	4337173	whitebritish
2965148	2965148	whitebritish
1532563	1532563	whitebritish
5855587	5855587	whitebritish
4630561	4630561	whitebritish
1336134	1336134	whitebritish
2692471	2692471	whitebritish
5113201	5113201	whitebritish
5717866	5717866	whitebritish
3392917	3392917	whitebritish
4885345	4885345	whitebritish
5280519	5280519	whitebritish
4738224	4738224	whitebritish
5739364	5739364	whitebritish
4081827	4081827	whitebritish
1892012	1892012	whitebritish
3262689	3262689	whitebritish
5620965	5620965	whitebritish
2343444	2343444	whitebritish
1947464	1947464	whitebritish
3651143	3651143	whitebritish
5958248	5958248	whitebritish
2105601	2105601	whitebritish
1738703	1738703	whitebritish
2200597	2200597	whitebritish
1815462	1815462	whitebritish
4317706	4317706	whitebritish
3696462	3696462	whitebritish
3119041	3119041	whitebritish
3926585	3926585	whitebritish
5483669	5483669	whitebritish
1018014	1018014	whitebritish
4364906	4364906	whitebritish
4509698	4509698	whitebritish
3682984	3682984	whitebritish
5537692	5537692	whitebritish
2744015	2744015	whitebritish
1295788	1295788	whitebritish
1718005	1718005	whitebritish
4087259	4087259	whitebritish
6021009	6021009	whitebritish
3260348	3260348	whitebritish
1073831	1073831	whitebritish
4217187	4217187	whitebritish
4577009	4577009	whitebritish
3353335	3353335	whitebritish
2942627	2942627	whitebritish
5488901	5488901	whitebritish
5541880	5541880	whitebritish
4233824	4233824	whitebritish
5059231	5059231	whitebritish
3643738	3643738	whitebritish
3806579	3806579	whitebritish
4211616	4211616	whitebritish
1142147	1142147	whitebritish
2407701	2407701	whitebritish
2271477	2271477	whitebritish
1429898	1429898	whitebritish
2026973	2026973	whitebritish
1376766	1376766	whitebritish
3920554	3920554	whitebritish
3153380	3153380	whitebritish
2803119	2803119	whitebritish
4744062	4744062	whitebritish
1042071	1042071	whitebritish
3896556	3896556	whitebritish
1486939	1486939	whitebritish
1579457	1579457	whitebritish
2411395	2411395	whitebritish
1298407	1298407	whitebritish
2068348	2068348	whitebritish
5320086	5320086	whitebritish
3784592	3784592	whitebritish
4532593	4532593	whitebritish
2891722	2891722	whitebritish
5265073	5265073	whitebritish
2336945	2336945	whitebritish
3405079	3405079	whitebritish
4716698	4716698	whitebritish
4634114	4634114	whitebritish
4063876	4063876	whitebritish
4147348	4147348	whitebritish
5719885	5719885	whitebritish
5373932	5373932	whitebritish
1579769	1579769	whitebritish
5755707	5755707	whitebritish
3194621	3194621	whitebritish
2999983	2999983	whitebritish
1469592	1469592	whitebritish
4117227	4117227	whitebritish
5061574	5061574	whitebritish
4428811	4428811	whitebritish
4087896	4087896	whitebritish
5931054	5931054	whitebritish
4936832	4936832	whitebritish
2175759	2175759	whitebritish
4679974	4679974	whitebritish
1167886	1167886	whitebritish
1134743	1134743	whitebritish
1694537	1694537	whitebritish
5395693	5395693	whitebritish
1907735	1907735	whitebritish
1636735	1636735	whitebritish
3468991	3468991	whitebritish
2822189	2822189	whitebritish
1788173	1788173	whitebritish
5161514	5161514	whitebritish
5253710	5253710	whitebritish
1853417	1853417	whitebritish
1772515	1772515	whitebritish
4343160	4343160	whitebritish
3612014	3612014	whitebritish
4141764	4141764	whitebritish
1588830	1588830	whitebritish
2012051	2012051	whitebritish
4523512	4523512	whitebritish
3654399	3654399	whitebritish
1347740	1347740	whitebritish
5969240	5969240	whitebritish
3649359	3649359	whitebritish
1031730	1031730	whitebritish
1069916	1069916	whitebritish
3690346	3690346	whitebritish
3623098	3623098	whitebritish
3068342	3068342	whitebritish
3791534	3791534	whitebritish
5124813	5124813	whitebritish
2124489	2124489	whitebritish
2260820	2260820	whitebritish
4485959	4485959	whitebritish
3036297	3036297	whitebritish
4914892	4914892	whitebritish
6020824	6020824	whitebritish
5061262	5061262	whitebritish
3932863	3932863	whitebritish
5878450	5878450	whitebritish
3057254	3057254	whitebritish
3610143	3610143	whitebritish
4570937	4570937	whitebritish
3280582	3280582	whitebritish
2671942	2671942	whitebritish
2507352	2507352	whitebritish
5316008	5316008	whitebritish
3025941	3025941	whitebritish
3807417	3807417	whitebritish
3322743	3322743	whitebritish
4024427	4024427	whitebritish
4316106	4316106	whitebritish
4922549	4922549	whitebritish
1502658	1502658	whitebritish
1290395	1290395	whitebritish
4074645	4074645	whitebritish
4445831	4445831	whitebritish
4175936	4175936	whitebritish
4075048	4075048	whitebritish
5254489	5254489	whitebritish
5320877	5320877	whitebritish
5105354	5105354	whitebritish
1301390	1301390	whitebritish
5845183	5845183	whitebritish
1345323	1345323	whitebritish
4451232	4451232	whitebritish
3229941	3229941	whitebritish
5083170	5083170	whitebritish
4133562	4133562	whitebritish
2133459	2133459	whitebritish
1170887	1170887	whitebritish
5595080	5595080	whitebritish
4656264	4656264	whitebritish
2927753	2927753	whitebritish
5139762	5139762	whitebritish
5945577	5945577	whitebritish
5977966	5977966	whitebritish
4128765	4128765	whitebritish
2029785	2029785	whitebritish
3617357	3617357	whitebritish
5086493	5086493	whitebritish
4321819	4321819	whitebritish
1091264	1091264	whitebritish
3625531	3625531	whitebritish
3525945	3525945	whitebritish
5397483	5397483	whitebritish
4846638	4846638	whitebritish
1114761	1114761	whitebritish
2313798	2313798	whitebritish
4141176	4141176	whitebritish
4987980	4987980	whitebritish
5271360	5271360	whitebritish
4874980	4874980	whitebritish
4857375	4857375	whitebritish
2538144	2538144	whitebritish
5667705	5667705	whitebritish
5558317	5558317	whitebritish
5151192	5151192	whitebritish
2352579	2352579	whitebritish
1060626	1060626	whitebritish
1773816	1773816	whitebritish
5919853	5919853	whitebritish
5517069	5517069	whitebritish
3349082	3349082	whitebritish
3870566	3870566	whitebritish
2777963	2777963	whitebritish
3487183	3487183	whitebritish
2676988	2676988	whitebritish
3238239	3238239	whitebritish
1105055	1105055	whitebritish
3781587	3781587	whitebritish
2658086	2658086	whitebritish
2883598	2883598	whitebritish
4140084	4140084	whitebritish
4553317	4553317	whitebritish
4234575	4234575	whitebritish
1740341	1740341	whitebritish
2183654	2183654	whitebritish
5545448	5545448	whitebritish
1156693	1156693	whitebritish
2181105	2181105	whitebritish
1621205	1621205	whitebritish
4503884	4503884	whitebritish
4127019	4127019	whitebritish
3708666	3708666	whitebritish
4171638	4171638	whitebritish
3620576	3620576	whitebritish
3794852	3794852	whitebritish
3374575	3374575	whitebritish
2447217	2447217	whitebritish
4786916	4786916	whitebritish
2095971	2095971	whitebritish
3167511	3167511	whitebritish
4836098	4836098	whitebritish
2214333	2214333	whitebritish
2982431	2982431	whitebritish
5813414	5813414	whitebritish
2953642	2953642	whitebritish
1710293	1710293	whitebritish
3358184	3358184	whitebritish
5923364	5923364	whitebritish
2995201	2995201	whitebritish
2609316	2609316	whitebritish
1684842	1684842	whitebritish
3562878	3562878	whitebritish
1154783	1154783	whitebritish
4621381	4621381	whitebritish
2136587	2136587	whitebritish
4972834	4972834	whitebritish
2213695	2213695	whitebritish
1281165	1281165	whitebritish
4574425	4574425	whitebritish
2192043	2192043	whitebritish
3471100	3471100	whitebritish
3983012	3983012	whitebritish
4782674	4782674	whitebritish
4139826	4139826	whitebritish
5405588	5405588	whitebritish
5296196	5296196	whitebritish
5911684	5911684	whitebritish
2833234	2833234	whitebritish
3177441	3177441	whitebritish
4569657	4569657	whitebritish
3708888	3708888	whitebritish
1839305	1839305	whitebritish
1034977	1034977	whitebritish
1521473	1521473	whitebritish
5054242	5054242	whitebritish
4946866	4946866	whitebritish
3232847	3232847	whitebritish
1905524	1905524	whitebritish
2091109	2091109	whitebritish
4090997	4090997	whitebritish
2694102	2694102	whitebritish
1641026	1641026	whitebritish
3691119	3691119	whitebritish
3845800	3845800	whitebritish
3803237	3803237	whitebritish
4971978	4971978	whitebritish
1626437	1626437	whitebritish
5928637	5928637	whitebritish
1365010	1365010	whitebritish
2515736	2515736	whitebritish
2160160	2160160	whitebritish
5608466	5608466	whitebritish
3009127	3009127	whitebritish
1900855	1900855	whitebritish
2151866	2151866	whitebritish
1614651	1614651	whitebritish
1502693	1502693	whitebritish
2590238	2590238	whitebritish
1939925	1939925	whitebritish
3235884	3235884	whitebritish
2812697	2812697	whitebritish
4072173	4072173	whitebritish
5417208	5417208	whitebritish
1925054	1925054	whitebritish
3622299	3622299	whitebritish
5722552	5722552	whitebritish
1117088	1117088	whitebritish
2415172	2415172	whitebritish
5409614	5409614	whitebritish
5285541	5285541	whitebritish
4156842	4156842	whitebritish
2183810	2183810	whitebritish
4017577	4017577	whitebritish
4660754	4660754	whitebritish
4894712	4894712	whitebritish
1316918	1316918	whitebritish
1867840	1867840	whitebritish
2481458	2481458	whitebritish
4161475	4161475	whitebritish
4877940	4877940	whitebritish
2062103	2062103	whitebritish
3057998	3057998	whitebritish
1661139	1661139	whitebritish
2381518	2381518	whitebritish
1359239	1359239	whitebritish
5436135	5436135	whitebritish
4822231	4822231	whitebritish
4899965	4899965	whitebritish
5803876	5803876	whitebritish
4934916	4934916	whitebritish
3945578	3945578	whitebritish
1827312	1827312	whitebritish
2187447	2187447	whitebritish
3462144	3462144	whitebritish
3266453	3266453	whitebritish
3660549	3660549	whitebritish
5818041	5818041	whitebritish
3278119	3278119	whitebritish
2658262	2658262	whitebritish
2863460	2863460	whitebritish
1121756	1121756	whitebritish
2073027	2073027	whitebritish
2102636	2102636	whitebritish
5478345	5478345	whitebritish
4390600	4390600	whitebritish
4034013	4034013	whitebritish
3286981	3286981	whitebritish
5256567	5256567	whitebritish
4532229	4532229	whitebritish
4993322	4993322	whitebritish
5419877	5419877	whitebritish
4374862	4374862	whitebritish
5207067	5207067	whitebritish
1081328	1081328	whitebritish
3794370	3794370	whitebritish
3550073	3550073	whitebritish
1634026	1634026	whitebritish
2976735	2976735	whitebritish
4461758	4461758	whitebritish
4232976	4232976	whitebritish
5306847	5306847	whitebritish
3597287	3597287	whitebritish
3467529	3467529	whitebritish
5089700	5089700	whitebritish
2114551	2114551	whitebritish
1971144	1971144	whitebritish
3897171	3897171	whitebritish
5198170	5198170	whitebritish
2520102	2520102	whitebritish
5476903	5476903	whitebritish
4715593	4715593	whitebritish
5310408	5310408	whitebritish
2349480	2349480	whitebritish
1618633	1618633	whitebritish
3482484	3482484	whitebritish
5112012	5112012	whitebritish
1238750	1238750	whitebritish
1138442	1138442	whitebritish
1682063	1682063	whitebritish
5580142	5580142	whitebritish
5286675	5286675	whitebritish
4079558	4079558	whitebritish
1184223	1184223	whitebritish
2233719	2233719	whitebritish
3976232	3976232	whitebritish
3531767	3531767	whitebritish
5468767	5468767	whitebritish
5980642	5980642	whitebritish
1963341	1963341	whitebritish
5292423	5292423	whitebritish
3632531	3632531	whitebritish
1083296	1083296	whitebritish
1610858	1610858	whitebritish
5731905	5731905	whitebritish
4321404	4321404	whitebritish
3660933	3660933	whitebritish
4659965	4659965	whitebritish
2363270	2363270	whitebritish
3610258	3610258	whitebritish
5956238	5956238	whitebritish
5316206	5316206	whitebritish
3071332	3071332	whitebritish
3213397	3213397	whitebritish
3220382	3220382	whitebritish
3130173	3130173	whitebritish
5605121	5605121	whitebritish
3900914	3900914	whitebritish
2375253	2375253	whitebritish
2623113	2623113	whitebritish
5183731	5183731	whitebritish
1071417	1071417	whitebritish
2651159	2651159	whitebritish
5614466	5614466	whitebritish
2755651	2755651	whitebritish
6018530	6018530	whitebritish
3665907	3665907	whitebritish
1667402	1667402	whitebritish
6003737	6003737	whitebritish
2739759	2739759	whitebritish
3129166	3129166	whitebritish
4053970	4053970	whitebritish
1589809	1589809	whitebritish
1784504	1784504	whitebritish
5801315	5801315	whitebritish
2057646	2057646	whitebritish
5832880	5832880	whitebritish
4482200	4482200	whitebritish
5163341	5163341	whitebritish
5750375	5750375	whitebritish
3638060	3638060	whitebritish
5106041	5106041	whitebritish
4910080	4910080	whitebritish
2710810	2710810	whitebritish
4394593	4394593	whitebritish
2359926	2359926	whitebritish
1344994	1344994	whitebritish
3218728	3218728	whitebritish
1415560	1415560	whitebritish
4305081	4305081	whitebritish
1620882	1620882	whitebritish
5491228	5491228	whitebritish
3816962	3816962	whitebritish
1041921	1041921	whitebritish
2916555	2916555	whitebritish
1891063	1891063	whitebritish
5281548	5281548	whitebritish
4571151	4571151	whitebritish
5182133	5182133	whitebritish
1690446	1690446	whitebritish
1549021	1549021	whitebritish
2864994	2864994	whitebritish
1810956	1810956	whitebritish
4408818	4408818	whitebritish
4985217	4985217	whitebritish
4798775	4798775	whitebritish
3304090	3304090	whitebritish
4361750	4361750	whitebritish
2598456	2598456	whitebritish
3144881	3144881	whitebritish
5881094	5881094	whitebritish
4247344	4247344	whitebritish
3658830	3658830	whitebritish
3521957	3521957	whitebritish
2250685	2250685	whitebritish
5275717	5275717	whitebritish
4647767	4647767	whitebritish
3871075	3871075	whitebritish
1486644	1486644	whitebritish
1410610	1410610	whitebritish
5767629	5767629	whitebritish
5374312	5374312	whitebritish
4707137	4707137	whitebritish
3359190	3359190	whitebritish
2390603	2390603	whitebritish
1092091	1092091	whitebritish
2100448	2100448	whitebritish
5085705	5085705	whitebritish
5217293	5217293	whitebritish
3144676	3144676	whitebritish
4996929	4996929	whitebritish
2131693	2131693	whitebritish
5009062	5009062	whitebritish
3722697	3722697	whitebritish
4734923	4734923	whitebritish
4632365	4632365	whitebritish
1907719	1907719	whitebritish
1744946	1744946	whitebritish
1335841	1335841	whitebritish
5748256	5748256	whitebritish
2497145	2497145	whitebritish
3987031	3987031	whitebritish
4564736	4564736	whitebritish
5514239	5514239	whitebritish
2203785	2203785	whitebritish
3329405	3329405	whitebritish
5054982	5054982	whitebritish
4983452	4983452	whitebritish
5558513	5558513	whitebritish
1204290	1204290	whitebritish
3301830	3301830	whitebritish
4619471	4619471	whitebritish
2253993	2253993	whitebritish
1964199	1964199	whitebritish
5915848	5915848	whitebritish
5974911	5974911	whitebritish
4938842	4938842	whitebritish
3332886	3332886	whitebritish
4310704	4310704	whitebritish
4835363	4835363	whitebritish
2523875	2523875	whitebritish
3995905	3995905	whitebritish
3549806	3549806	whitebritish
5492519	5492519	whitebritish
3306690	3306690	whitebritish
4452698	4452698	whitebritish
2809298	2809298	whitebritish
5475445	5475445	whitebritish
2941767	2941767	whitebritish
5851496	5851496	whitebritish
1210413	1210413	whitebritish
3201823	3201823	whitebritish
4125436	4125436	whitebritish
4319039	4319039	whitebritish
4567524	4567524	whitebritish
4428687	4428687	whitebritish
4711793	4711793	whitebritish
5593193	5593193	whitebritish
4365811	4365811	whitebritish
1510039	1510039	whitebritish
1734568	1734568	whitebritish
5588254	5588254	whitebritish
3334892	3334892	whitebritish
2846923	2846923	whitebritish
2919678	2919678	whitebritish
4463258	4463258	whitebritish
4122978	4122978	whitebritish
2385215	2385215	whitebritish
1340286	1340286	whitebritish
3935248	3935248	whitebritish
1108034	1108034	whitebritish
2101989	2101989	whitebritish
2070850	2070850	whitebritish
4347604	4347604	whitebritish
1186446	1186446	whitebritish
5730105	5730105	whitebritish
3030554	3030554	whitebritish
1152789	1152789	whitebritish
4633295	4633295	whitebritish
4861319	4861319	whitebritish
3645446	3645446	whitebritish
5025507	5025507	whitebritish
1989442	1989442	whitebritish
3148395	3148395	whitebritish
3818628	3818628	whitebritish
1681070	1681070	whitebritish
3157831	3157831	whitebritish
4867296	4867296	whitebritish
1786672	1786672	whitebritish
2988201	2988201	whitebritish
3646117	3646117	whitebritish
3314404	3314404	whitebritish
4799640	4799640	whitebritish
4895574	4895574	whitebritish
1812539	1812539	whitebritish
2104725	2104725	whitebritish
1461658	1461658	whitebritish
2349662	2349662	whitebritish
1228307	1228307	whitebritish
4430417	4430417	whitebritish
3308703	3308703	whitebritish
4682742	4682742	whitebritish
5621351	5621351	whitebritish
1213615	1213615	whitebritish
3890453	3890453	whitebritish
1125426	1125426	whitebritish
2170998	2170998	whitebritish
1218058	1218058	whitebritish
3189619	3189619	whitebritish
1394193	1394193	whitebritish
5702457	5702457	whitebritish
5544066	5544066	whitebritish
1675203	1675203	whitebritish
4539957	4539957	whitebritish
2162308	2162308	whitebritish
5526370	5526370	whitebritish
4825653	4825653	whitebritish
5140799	5140799	whitebritish
4572399	4572399	whitebritish
5318757	5318757	whitebritish
3615911	3615911	whitebritish
1860296	1860296	whitebritish
1672570	1672570	whitebritish
6016754	6016754	whitebritish
5945278	5945278	whitebritish
2420475	2420475	whitebritish
2329496	2329496	whitebritish
5616635	5616635	whitebritish
1428024	1428024	whitebritish
4332892	4332892	whitebritish
4199735	4199735	whitebritish
4669485	4669485	whitebritish
5621246	5621246	whitebritish
1755152	1755152	whitebritish
4846530	4846530	whitebritish
2631303	2631303	whitebritish
4571559	4571559	whitebritish
2365667	2365667	whitebritish
5371840	5371840	whitebritish
4281539	4281539	whitebritish
4996838	4996838	whitebritish
4357354	4357354	whitebritish
1563156	1563156	whitebritish
2745522	2745522	whitebritish
4053219	4053219	whitebritish
4595381	4595381	whitebritish
5054256	5054256	whitebritish
1985577	1985577	whitebritish
3965039	3965039	whitebritish
2556362	2556362	whitebritish
4805872	4805872	whitebritish
1175307	1175307	whitebritish
1657207	1657207	whitebritish
5616093	5616093	whitebritish
5524093	5524093	whitebritish
1800006	1800006	whitebritish
1331274	1331274	whitebritish
5166088	5166088	whitebritish
2314353	2314353	whitebritish
1283669	1283669	whitebritish
1616552	1616552	whitebritish
2473932	2473932	whitebritish
2097277	2097277	whitebritish
5906799	5906799	whitebritish
5328431	5328431	whitebritish
5864843	5864843	whitebritish
4659210	4659210	whitebritish
2457700	2457700	whitebritish
1144844	1144844	whitebritish
3803868	3803868	whitebritish
1025177	1025177	whitebritish
2826631	2826631	whitebritish
5671276	5671276	whitebritish
4149641	4149641	whitebritish
5486555	5486555	whitebritish
2521736	2521736	whitebritish
2329083	2329083	whitebritish
3542430	3542430	whitebritish
5133332	5133332	whitebritish
5176210	5176210	whitebritish
4069584	4069584	whitebritish
5653183	5653183	whitebritish
5288920	5288920	whitebritish
2702101	2702101	whitebritish
1085763	1085763	whitebritish
1276698	1276698	whitebritish
3067106	3067106	whitebritish
2095516	2095516	whitebritish
5239526	5239526	whitebritish
3060588	3060588	whitebritish
1744782	1744782	whitebritish
3068071	3068071	whitebritish
1611700	1611700	whitebritish
1109907	1109907	whitebritish
4864127	4864127	whitebritish
1016257	1016257	whitebritish
4867882	4867882	whitebritish
5874453	5874453	whitebritish
3972318	3972318	whitebritish
3077785	3077785	whitebritish
4936992	4936992	whitebritish
3358607	3358607	whitebritish
4463819	4463819	whitebritish
4971020	4971020	whitebritish
4203538	4203538	whitebritish
2652311	2652311	whitebritish
5110120	5110120	whitebritish
5860439	5860439	whitebritish
3851720	3851720	whitebritish
5992802	5992802	whitebritish
5471327	5471327	whitebritish
5980304	5980304	whitebritish
3402629	3402629	whitebritish
3991264	3991264	whitebritish
1713521	1713521	whitebritish
5680256	5680256	whitebritish
5673274	5673274	whitebritish
4776842	4776842	whitebritish
2258464	2258464	whitebritish
2599232	2599232	whitebritish
4877619	4877619	whitebritish
4819808	4819808	whitebritish
4120320	4120320	whitebritish
3166048	3166048	whitebritish
5175781	5175781	whitebritish
3047388	3047388	whitebritish
2774700	2774700	whitebritish
4280642	4280642	whitebritish
1515451	1515451	whitebritish
5494497	5494497	whitebritish
5000597	5000597	whitebritish
2781731	2781731	whitebritish
3932902	3932902	whitebritish
2318738	2318738	whitebritish
2023862	2023862	whitebritish
3629589	3629589	whitebritish
5835207	5835207	whitebritish
4882532	4882532	whitebritish
3054623	3054623	whitebritish
2180048	2180048	whitebritish
4142937	4142937	whitebritish
5309149	5309149	whitebritish
2417904	2417904	whitebritish
4682646	4682646	whitebritish
1449067	1449067	whitebritish
2991204	2991204	whitebritish
3788323	3788323	whitebritish
3886250	3886250	whitebritish
3431029	3431029	whitebritish
4020794	4020794	whitebritish
2506874	2506874	whitebritish
5666477	5666477	whitebritish
2585107	2585107	whitebritish
1785965	1785965	whitebritish
4876160	4876160	whitebritish
1778906	1778906	whitebritish
4548957	4548957	whitebritish
4246044	4246044	whitebritish
3741881	3741881	whitebritish
2086353	2086353	whitebritish
4197646	4197646	whitebritish
3107237	3107237	whitebritish
2961185	2961185	whitebritish
4482902	4482902	whitebritish
2281724	2281724	whitebritish
2578493	2578493	whitebritish
4498055	4498055	whitebritish
3717293	3717293	whitebritish
5974785	5974785	whitebritish
5391909	5391909	whitebritish
2675523	2675523	whitebritish
2536361	2536361	whitebritish
3886313	3886313	whitebritish
5217440	5217440	whitebritish
5808664	5808664	whitebritish
2301821	2301821	whitebritish
1202767	1202767	whitebritish
3224757	3224757	whitebritish
3648442	3648442	whitebritish
5524280	5524280	whitebritish
5615672	5615672	whitebritish
1500952	1500952	whitebritish
5055959	5055959	whitebritish
1277017	1277017	whitebritish
5783585	5783585	whitebritish
1858302	1858302	whitebritish
3370813	3370813	whitebritish
5048248	5048248	whitebritish
4403518	4403518	whitebritish
4630851	4630851	whitebritish
2086398	2086398	whitebritish
2817476	2817476	whitebritish
1203903	1203903	whitebritish
4929909	4929909	whitebritish
3917852	3917852	whitebritish
3941562	3941562	whitebritish
5437402	5437402	whitebritish
2695676	2695676	whitebritish
4305992	4305992	whitebritish
1720749	1720749	whitebritish
1639142	1639142	whitebritish
1797679	1797679	whitebritish
3163253	3163253	whitebritish
3059645	3059645	whitebritish
1431002	1431002	whitebritish
5058654	5058654	whitebritish
4616461	4616461	whitebritish
2611287	2611287	whitebritish
3839470	3839470	whitebritish
5263302	5263302	whitebritish
5305522	5305522	whitebritish
4496628	4496628	whitebritish
2319223	2319223	whitebritish
4196534	4196534	whitebritish
5624511	5624511	whitebritish
2562114	2562114	whitebritish
4875434	4875434	whitebritish
4210892	4210892	whitebritish
2743349	2743349	whitebritish
1990455	1990455	whitebritish
2275407	2275407	whitebritish
4072339	4072339	whitebritish
3425272	3425272	whitebritish
4220281	4220281	whitebritish
3267160	3267160	whitebritish
1318846	1318846	whitebritish
5359703	5359703	whitebritish
3579687	3579687	whitebritish
2195944	2195944	whitebritish
1943564	1943564	whitebritish
1177069	1177069	whitebritish
1306675	1306675	whitebritish
1621868	1621868	whitebritish
4893114	4893114	whitebritish
2560511	2560511	whitebritish
5936841	5936841	whitebritish
3007255	3007255	whitebritish
2701726	2701726	whitebritish
2342308	2342308	whitebritish
3707998	3707998	whitebritish
2159487	2159487	whitebritish
4840160	4840160	whitebritish
5359570	5359570	whitebritish
4529977	4529977	whitebritish
4451541	4451541	whitebritish
4654510	4654510	whitebritish
3352143	3352143	whitebritish
2109804	2109804	whitebritish
2388597	2388597	whitebritish
5028542	5028542	whitebritish
1195829	1195829	whitebritish
5062728	5062728	whitebritish
4769636	4769636	whitebritish
4240574	4240574	whitebritish
2943783	2943783	whitebritish
5482187	5482187	whitebritish
1296922	1296922	whitebritish
3734121	3734121	whitebritish
5808612	5808612	whitebritish
5760303	5760303	whitebritish
5951346	5951346	whitebritish
5435524	5435524	whitebritish
5303998	5303998	whitebritish
5509518	5509518	whitebritish
1962436	1962436	whitebritish
1911105	1911105	whitebritish
3440203	3440203	whitebritish
2900717	2900717	whitebritish
3083015	3083015	whitebritish
3152024	3152024	whitebritish
5870718	5870718	whitebritish
3252315	3252315	whitebritish
4288812	4288812	whitebritish
1778638	1778638	whitebritish
1601746	1601746	whitebritish
2576216	2576216	whitebritish
4114984	4114984	whitebritish
5906745	5906745	whitebritish
3487109	3487109	whitebritish
2987942	2987942	whitebritish
4062334	4062334	whitebritish
3778025	3778025	whitebritish
2814052	2814052	whitebritish
1309749	1309749	whitebritish
2614593	2614593	whitebritish
4087991	4087991	whitebritish
2403515	2403515	whitebritish
5041057	5041057	whitebritish
4155844	4155844	whitebritish
4188383	4188383	whitebritish
1349029	1349029	whitebritish
4671119	4671119	whitebritish
3362379	3362379	whitebritish
3474314	3474314	whitebritish
3537687	3537687	whitebritish
4180366	4180366	whitebritish
5051576	5051576	whitebritish
2984790	2984790	whitebritish
2624778	2624778	whitebritish
3921932	3921932	whitebritish
3765606	3765606	whitebritish
5561477	5561477	whitebritish
1920526	1920526	whitebritish
2943044	2943044	whitebritish
1004695	1004695	whitebritish
3578212	3578212	whitebritish
4031627	4031627	whitebritish
1870289	1870289	whitebritish
3537104	3537104	whitebritish
2426437	2426437	whitebritish
1656266	1656266	whitebritish
3640165	3640165	whitebritish
1256026	1256026	whitebritish
3095790	3095790	whitebritish
1530080	1530080	whitebritish
5421046	5421046	whitebritish
4774192	4774192	whitebritish
2188113	2188113	whitebritish
3703168	3703168	whitebritish
3281000	3281000	whitebritish
2176618	2176618	whitebritish
3417508	3417508	whitebritish
5661117	5661117	whitebritish
3029167	3029167	whitebritish
1909447	1909447	whitebritish
2847407	2847407	whitebritish
1318586	1318586	whitebritish
5592531	5592531	whitebritish
3753835	3753835	whitebritish
3406310	3406310	whitebritish
4813057	4813057	whitebritish
1250901	1250901	whitebritish
5509579	5509579	whitebritish
3875602	3875602	whitebritish
3392643	3392643	whitebritish
1607304	1607304	whitebritish
4748823	4748823	whitebritish
5350305	5350305	whitebritish
5991165	5991165	whitebritish
5405646	5405646	whitebritish
4144366	4144366	whitebritish
5899578	5899578	whitebritish
3957755	3957755	whitebritish
6014891	6014891	whitebritish
3181689	3181689	whitebritish
2572802	2572802	whitebritish
5298315	5298315	whitebritish
1203552	1203552	whitebritish
5932178	5932178	whitebritish
5690453	5690453	whitebritish
4211821	4211821	whitebritish
1145316	1145316	whitebritish
2322538	2322538	whitebritish
5380180	5380180	whitebritish
5180279	5180279	whitebritish
3286544	3286544	whitebritish
3434964	3434964	whitebritish
4451505	4451505	whitebritish
2318116	2318116	whitebritish
3689538	3689538	whitebritish
2049874	2049874	whitebritish
1915784	1915784	whitebritish
3542950	3542950	whitebritish
5225622	5225622	whitebritish
3094359	3094359	whitebritish
1690599	1690599	whitebritish
5195258	5195258	whitebritish
2540096	2540096	whitebritish
4899170	4899170	whitebritish
4425719	4425719	whitebritish
3522313	3522313	whitebritish
2022421	2022421	whitebritish
4088314	4088314	whitebritish
3010466	3010466	whitebritish
2425636	2425636	whitebritish
3141399	3141399	whitebritish
1992013	1992013	whitebritish
2662659	2662659	whitebritish
1620877	1620877	whitebritish
5527146	5527146	whitebritish
2794340	2794340	whitebritish
5427281	5427281	whitebritish
2370752	2370752	whitebritish
3968892	3968892	whitebritish
4663872	4663872	whitebritish
1166732	1166732	whitebritish
3414092	3414092	whitebritish
5060643	5060643	whitebritish
3899302	3899302	whitebritish
2622392	2622392	whitebritish
5562493	5562493	whitebritish
1148139	1148139	whitebritish
2546835	2546835	whitebritish
2869181	2869181	whitebritish
2974979	2974979	whitebritish
5386748	5386748	whitebritish
6011572	6011572	whitebritish
3833290	3833290	whitebritish
4971849	4971849	whitebritish
2906298	2906298	whitebritish
2906338	2906338	whitebritish
3145473	3145473	whitebritish
3660914	3660914	whitebritish
3388685	3388685	whitebritish
3910453	3910453	whitebritish
3514897	3514897	whitebritish
2378126	2378126	whitebritish
2453127	2453127	whitebritish
4032198	4032198	whitebritish
3661929	3661929	whitebritish
1047947	1047947	whitebritish
2288721	2288721	whitebritish
3719078	3719078	whitebritish
5495029	5495029	whitebritish
3250271	3250271	whitebritish
1744092	1744092	whitebritish
2918041	2918041	whitebritish
3768037	3768037	whitebritish
3723749	3723749	whitebritish
1323011	1323011	whitebritish
2307715	2307715	whitebritish
3143041	3143041	whitebritish
4301214	4301214	whitebritish
3146007	3146007	whitebritish
1267945	1267945	whitebritish
4225119	4225119	whitebritish
1053430	1053430	whitebritish
4982838	4982838	whitebritish
3558914	3558914	whitebritish
3804678	3804678	whitebritish
5643770	5643770	whitebritish
3205482	3205482	whitebritish
5513595	5513595	whitebritish
3888031	3888031	whitebritish
5084175	5084175	whitebritish
4082813	4082813	whitebritish
5912595	5912595	whitebritish
2560894	2560894	whitebritish
1932054	1932054	whitebritish
3236021	3236021	whitebritish
5368169	5368169	whitebritish
1433064	1433064	whitebritish
4512468	4512468	whitebritish
1827908	1827908	whitebritish
4075364	4075364	whitebritish
2464938	2464938	whitebritish
5444645	5444645	whitebritish
3448469	3448469	whitebritish
1754334	1754334	whitebritish
1009719	1009719	whitebritish
2577035	2577035	whitebritish
2643479	2643479	whitebritish
5401759	5401759	whitebritish
2536823	2536823	whitebritish
1231676	1231676	whitebritish
5750288	5750288	whitebritish
3986502	3986502	whitebritish
5804018	5804018	whitebritish
1407246	1407246	whitebritish
3484331	3484331	whitebritish
3792177	3792177	whitebritish
3237377	3237377	whitebritish
3386967	3386967	whitebritish
4334525	4334525	whitebritish
5375609	5375609	whitebritish
3994210	3994210	whitebritish
1177370	1177370	whitebritish
1086683	1086683	whitebritish
3511053	3511053	whitebritish
1415525	1415525	whitebritish
3960171	3960171	whitebritish
5894953	5894953	whitebritish
1392885	1392885	whitebritish
3987572	3987572	whitebritish
3128555	3128555	whitebritish
1533852	1533852	whitebritish
2452204	2452204	whitebritish
5685008	5685008	whitebritish
4003129	4003129	whitebritish
4607756	4607756	whitebritish
1614952	1614952	whitebritish
5732202	5732202	whitebritish
3378409	3378409	whitebritish
2582376	2582376	whitebritish
1798562	1798562	whitebritish
2670991	2670991	whitebritish
1118337	1118337	whitebritish
5841638	5841638	whitebritish
2418030	2418030	whitebritish
1611045	1611045	whitebritish
2108054	2108054	whitebritish
5313261	5313261	whitebritish
5443511	5443511	whitebritish
4579236	4579236	whitebritish
3468389	3468389	whitebritish
2821470	2821470	whitebritish
3777142	3777142	whitebritish
2129852	2129852	whitebritish
3919811	3919811	whitebritish
3829801	3829801	whitebritish
2145090	2145090	whitebritish
3881745	3881745	whitebritish
1381674	1381674	whitebritish
4069947	4069947	whitebritish
4075908	4075908	whitebritish
4855842	4855842	whitebritish
5058093	5058093	whitebritish
1517079	1517079	whitebritish
5641015	5641015	whitebritish
3023100	3023100	whitebritish
2236103	2236103	whitebritish
2112337	2112337	whitebritish
3439997	3439997	whitebritish
2389437	2389437	whitebritish
4574378	4574378	whitebritish
3306756	3306756	whitebritish
1524751	1524751	whitebritish
4052679	4052679	whitebritish
3633175	3633175	whitebritish
4838212	4838212	whitebritish
3463484	3463484	whitebritish
3765250	3765250	whitebritish
5808910	5808910	whitebritish
5100350	5100350	whitebritish
3090138	3090138	whitebritish
4768922	4768922	whitebritish
1999463	1999463	whitebritish
5621937	5621937	whitebritish
4211489	4211489	whitebritish
3377302	3377302	whitebritish
5214888	5214888	whitebritish
2325670	2325670	whitebritish
3706376	3706376	whitebritish
5943403	5943403	whitebritish
3318420	3318420	whitebritish
1001998	1001998	whitebritish
1793317	1793317	whitebritish
2063594	2063594	whitebritish
3284729	3284729	whitebritish
3176197	3176197	whitebritish
5626795	5626795	whitebritish
1776778	1776778	whitebritish
4378733	4378733	whitebritish
3397453	3397453	whitebritish
2809155	2809155	whitebritish
3752643	3752643	whitebritish
4827196	4827196	whitebritish
1582552	1582552	whitebritish
5402573	5402573	whitebritish
4004898	4004898	whitebritish
2511820	2511820	whitebritish
2159084	2159084	whitebritish
1656084	1656084	whitebritish
4833914	4833914	whitebritish
4984453	4984453	whitebritish
5223111	5223111	whitebritish
2207749	2207749	whitebritish
3688904	3688904	whitebritish
1664068	1664068	whitebritish
5289664	5289664	whitebritish
2455174	2455174	whitebritish
3408851	3408851	whitebritish
1181076	1181076	whitebritish
1492121	1492121	whitebritish
4671821	4671821	whitebritish
2540729	2540729	whitebritish
3926087	3926087	whitebritish
1044082	1044082	whitebritish
2614110	2614110	whitebritish
5540056	5540056	whitebritish
2819665	2819665	whitebritish
5919671	5919671	whitebritish
5893300	5893300	whitebritish
4003255	4003255	whitebritish
2079180	2079180	whitebritish
5482618	5482618	whitebritish
2033324	2033324	whitebritish
3479264	3479264	whitebritish
2767099	2767099	whitebritish
2789919	2789919	whitebritish
3298295	3298295	whitebritish
5131190	5131190	whitebritish
6000739	6000739	whitebritish
4900994	4900994	whitebritish
1808377	1808377	whitebritish
4157277	4157277	whitebritish
4363837	4363837	whitebritish
5406541	5406541	whitebritish
1482219	1482219	whitebritish
1817037	1817037	whitebritish
5306474	5306474	whitebritish
1966413	1966413	whitebritish
5170292	5170292	whitebritish
5982167	5982167	whitebritish
2992090	2992090	whitebritish
2645124	2645124	whitebritish
2953022	2953022	whitebritish
1464220	1464220	whitebritish
3841265	3841265	whitebritish
5697159	5697159	whitebritish
5002790	5002790	whitebritish
3655786	3655786	whitebritish
3989047	3989047	whitebritish
2360161	2360161	whitebritish
2980922	2980922	whitebritish
5822412	5822412	whitebritish
1940255	1940255	whitebritish
5854380	5854380	whitebritish
5648299	5648299	whitebritish
3018068	3018068	whitebritish
1034055	1034055	whitebritish
1535163	1535163	whitebritish
4058070	4058070	whitebritish
5384290	5384290	whitebritish
2150961	2150961	whitebritish
5857801	5857801	whitebritish
1819501	1819501	whitebritish
1610340	1610340	whitebritish
3685054	3685054	whitebritish
4333423	4333423	whitebritish
1134311	1134311	whitebritish
5740251	5740251	whitebritish
5853844	5853844	whitebritish
3920132	3920132	whitebritish
1437753	1437753	whitebritish
3234122	3234122	whitebritish
3452383	3452383	whitebritish
3467748	3467748	whitebritish
1911269	1911269	whitebritish
1766768	1766768	whitebritish
5978558	5978558	whitebritish
2075013	2075013	whitebritish
2420400	2420400	whitebritish
2583147	2583147	whitebritish
1418727	1418727	whitebritish
1404309	1404309	whitebritish
2876178	2876178	whitebritish
3525279	3525279	whitebritish
5579002	5579002	whitebritish
4974287	4974287	whitebritish
2551472	2551472	whitebritish
2868130	2868130	whitebritish
1889573	1889573	whitebritish
4946945	4946945	whitebritish
2677820	2677820	whitebritish
2646727	2646727	whitebritish
1599867	1599867	whitebritish
5207610	5207610	whitebritish
5280718	5280718	whitebritish
1873929	1873929	whitebritish
1975735	1975735	whitebritish
2264539	2264539	whitebritish
2811037	2811037	whitebritish
2863989	2863989	whitebritish
4950046	4950046	whitebritish
2932133	2932133	whitebritish
5700169	5700169	whitebritish
5599737	5599737	whitebritish
5464904	5464904	whitebritish
2537315	2537315	whitebritish
2384393	2384393	whitebritish
2848306	2848306	whitebritish
3501126	3501126	whitebritish
1995890	1995890	whitebritish
1114624	1114624	whitebritish
1587617	1587617	whitebritish
3773277	3773277	whitebritish
4163094	4163094	whitebritish
4818931	4818931	whitebritish
5677306	5677306	whitebritish
2936213	2936213	whitebritish
3313511	3313511	whitebritish
2977714	2977714	whitebritish
3404208	3404208	whitebritish
1004627	1004627	whitebritish
5749376	5749376	whitebritish
3090896	3090896	whitebritish
5442533	5442533	whitebritish
5834318	5834318	whitebritish
3302693	3302693	whitebritish
1846564	1846564	whitebritish
3511843	3511843	whitebritish
2693325	2693325	whitebritish
2484185	2484185	whitebritish
5976759	5976759	whitebritish
1151650	1151650	whitebritish
1338649	1338649	whitebritish
3382862	3382862	whitebritish
2026485	2026485	whitebritish
1674880	1674880	whitebritish
5440300	5440300	whitebritish
1569455	1569455	whitebritish
5117744	5117744	whitebritish
1404191	1404191	whitebritish
4567145	4567145	whitebritish
5117874	5117874	whitebritish
3011492	3011492	whitebritish
4671417	4671417	whitebritish
4610299	4610299	whitebritish
2563027	2563027	whitebritish
4624891	4624891	whitebritish
5211824	5211824	whitebritish
2721319	2721319	whitebritish
3730730	3730730	whitebritish
5871096	5871096	whitebritish
2479348	2479348	whitebritish
3577689	3577689	whitebritish
2162130	2162130	whitebritish
1408167	1408167	whitebritish
4116054	4116054	whitebritish
4226558	4226558	whitebritish
4127893	4127893	whitebritish
2622902	2622902	whitebritish
3559751	3559751	whitebritish
2945481	2945481	whitebritish
3059182	3059182	whitebritish
1314291	1314291	whitebritish
2025957	2025957	whitebritish
2346421	2346421	whitebritish
5497431	5497431	whitebritish
2061813	2061813	whitebritish
2377168	2377168	whitebritish
2810004	2810004	whitebritish
4031154	4031154	whitebritish
5174479	5174479	whitebritish
4023737	4023737	whitebritish
2356738	2356738	whitebritish
5020748	5020748	whitebritish
2492102	2492102	whitebritish
4026290	4026290	whitebritish
2592928	2592928	whitebritish
2086010	2086010	whitebritish
2461392	2461392	whitebritish
1600652	1600652	whitebritish
4483497	4483497	whitebritish
4292922	4292922	whitebritish
4555797	4555797	whitebritish
1988601	1988601	whitebritish
3242112	3242112	whitebritish
5175746	5175746	whitebritish
2906868	2906868	whitebritish
3494690	3494690	whitebritish
3456833	3456833	whitebritish
4475854	4475854	whitebritish
4287725	4287725	whitebritish
4406623	4406623	whitebritish
1375336	1375336	whitebritish
3986638	3986638	whitebritish
4638824	4638824	whitebritish
2942894	2942894	whitebritish
3515520	3515520	whitebritish
4220998	4220998	whitebritish
4136851	4136851	whitebritish
1059385	1059385	whitebritish
4185319	4185319	whitebritish
3114754	3114754	whitebritish
4044070	4044070	whitebritish
5952131	5952131	whitebritish
3707874	3707874	whitebritish
3014064	3014064	whitebritish
2770284	2770284	whitebritish
4738137	4738137	whitebritish
2415623	2415623	whitebritish
3278417	3278417	whitebritish
3344412	3344412	whitebritish
1571318	1571318	whitebritish
3294978	3294978	whitebritish
3304832	3304832	whitebritish
2728081	2728081	whitebritish
2389690	2389690	whitebritish
1935797	1935797	whitebritish
5791776	5791776	whitebritish
4244701	4244701	whitebritish
3395033	3395033	whitebritish
5215181	5215181	whitebritish
1105353	1105353	whitebritish
2109419	2109419	whitebritish
4054393	4054393	whitebritish
1452363	1452363	whitebritish
4316473	4316473	whitebritish
5294540	5294540	whitebritish
1326948	1326948	whitebritish
2484964	2484964	whitebritish
2960385	2960385	whitebritish
1611420	1611420	whitebritish
3425656	3425656	whitebritish
2414668	2414668	whitebritish
5869072	5869072	whitebritish
5133446	5133446	whitebritish
1468976	1468976	whitebritish
1551183	1551183	whitebritish
1558195	1558195	whitebritish
1247524	1247524	whitebritish
1425130	1425130	whitebritish
5371501	5371501	whitebritish
2985674	2985674	whitebritish
5391436	5391436	whitebritish
1618144	1618144	whitebritish
3256170	3256170	whitebritish
3760365	3760365	whitebritish
1047701	1047701	whitebritish
4760681	4760681	whitebritish
1625067	1625067	whitebritish
1587473	1587473	whitebritish
1557243	1557243	whitebritish
2174268	2174268	whitebritish
5189944	5189944	whitebritish
1872777	1872777	whitebritish
3363247	3363247	whitebritish
4617966	4617966	whitebritish
4433189	4433189	whitebritish
3844353	3844353	whitebritish
3954764	3954764	whitebritish
3429560	3429560	whitebritish
3001834	3001834	whitebritish
4966729	4966729	whitebritish
4823366	4823366	whitebritish
5035509	5035509	whitebritish
5901620	5901620	whitebritish
4524649	4524649	whitebritish
2442250	2442250	whitebritish
2811391	2811391	whitebritish
4783580	4783580	whitebritish
3525815	3525815	whitebritish
3013244	3013244	whitebritish
3194572	3194572	whitebritish
1238777	1238777	whitebritish
3235532	3235532	whitebritish
2023214	2023214	whitebritish
5865766	5865766	whitebritish
1300448	1300448	whitebritish
1294682	1294682	whitebritish
3079976	3079976	whitebritish
5214456	5214456	whitebritish
4566054	4566054	whitebritish
2039954	2039954	whitebritish
5479867	5479867	whitebritish
3641170	3641170	whitebritish
3551677	3551677	whitebritish
2780344	2780344	whitebritish
1253049	1253049	whitebritish
2484687	2484687	whitebritish
4029223	4029223	whitebritish
2536197	2536197	whitebritish
4947719	4947719	whitebritish
5824009	5824009	whitebritish
2769890	2769890	whitebritish
3984150	3984150	whitebritish
3421344	3421344	whitebritish
5232836	5232836	whitebritish
1413746	1413746	whitebritish
2983587	2983587	whitebritish
4307796	4307796	whitebritish
2865466	2865466	whitebritish
5580936	5580936	whitebritish
1833418	1833418	whitebritish
2347216	2347216	whitebritish
4390950	4390950	whitebritish
2481257	2481257	whitebritish
5972043	5972043	whitebritish
5839865	5839865	whitebritish
2032533	2032533	whitebritish
5901215	5901215	whitebritish
3479401	3479401	whitebritish
5613796	5613796	whitebritish
3355466	3355466	whitebritish
4369993	4369993	whitebritish
2364299	2364299	whitebritish
3268226	3268226	whitebritish
5805064	5805064	whitebritish
3425153	3425153	whitebritish
3124782	3124782	whitebritish
5816113	5816113	whitebritish
4073279	4073279	whitebritish
3240833	3240833	whitebritish
1737300	1737300	whitebritish
3826804	3826804	whitebritish
5376351	5376351	whitebritish
4156351	4156351	whitebritish
3582474	3582474	whitebritish
4482973	4482973	whitebritish
2725755	2725755	whitebritish
4076734	4076734	whitebritish
5254369	5254369	whitebritish
5237354	5237354	whitebritish
3716794	3716794	whitebritish
1532997	1532997	whitebritish
2971307	2971307	whitebritish
4672992	4672992	whitebritish
4277238	4277238	whitebritish
4816669	4816669	whitebritish
4420233	4420233	whitebritish
5356399	5356399	whitebritish
5693304	5693304	whitebritish
1632811	1632811	whitebritish
2909323	2909323	whitebritish
4014270	4014270	whitebritish
5985356	5985356	whitebritish
2092984	2092984	whitebritish
4437111	4437111	whitebritish
1208010	1208010	whitebritish
4847023	4847023	whitebritish
3016478	3016478	whitebritish
2331703	2331703	whitebritish
5986612	5986612	whitebritish
3405363	3405363	whitebritish
4009278	4009278	whitebritish
1743646	1743646	whitebritish
1231949	1231949	whitebritish
2901377	2901377	whitebritish
1899822	1899822	whitebritish
5707757	5707757	whitebritish
1834894	1834894	whitebritish
4518115	4518115	whitebritish
1009626	1009626	whitebritish
5645379	5645379	whitebritish
3245985	3245985	whitebritish
1733215	1733215	whitebritish
2808543	2808543	whitebritish
1558089	1558089	whitebritish
4826380	4826380	whitebritish
5107921	5107921	whitebritish
1536827	1536827	whitebritish
3430411	3430411	whitebritish
5364909	5364909	whitebritish
4758944	4758944	whitebritish
5766855	5766855	whitebritish
2093307	2093307	whitebritish
4488887	4488887	whitebritish
1245845	1245845	whitebritish
3543812	3543812	whitebritish
3048580	3048580	whitebritish
3909644	3909644	whitebritish
3615960	3615960	whitebritish
5199698	5199698	whitebritish
4042888	4042888	whitebritish
3929160	3929160	whitebritish
1590063	1590063	whitebritish
4777909	4777909	whitebritish
2949863	2949863	whitebritish
1951707	1951707	whitebritish
4444480	4444480	whitebritish
3736248	3736248	whitebritish
3170959	3170959	whitebritish
4164351	4164351	whitebritish
1710496	1710496	whitebritish
1218622	1218622	whitebritish
5138238	5138238	whitebritish
1231755	1231755	whitebritish
4712712	4712712	whitebritish
4038305	4038305	whitebritish
1435523	1435523	whitebritish
3228309	3228309	whitebritish
1940170	1940170	whitebritish
5689819	5689819	whitebritish
3495347	3495347	whitebritish
2005292	2005292	whitebritish
3562890	3562890	whitebritish
2824018	2824018	whitebritish
3462328	3462328	whitebritish
3210455	3210455	whitebritish
1638236	1638236	whitebritish
4921720	4921720	whitebritish
3770204	3770204	whitebritish
1768436	1768436	whitebritish
5950334	5950334	whitebritish
5130548	5130548	whitebritish
5570741	5570741	whitebritish
5770038	5770038	whitebritish
2636359	2636359	whitebritish
1232419	1232419	whitebritish
4932979	4932979	whitebritish
4616616	4616616	whitebritish
1539112	1539112	whitebritish
2643177	2643177	whitebritish
2728573	2728573	whitebritish
5200763	5200763	whitebritish
4461488	4461488	whitebritish
2763709	2763709	whitebritish
2918190	2918190	whitebritish
4117409	4117409	whitebritish
2104869	2104869	whitebritish
5750109	5750109	whitebritish
2577713	2577713	whitebritish
3270404	3270404	whitebritish
2185567	2185567	whitebritish
2057228	2057228	whitebritish
1483631	1483631	whitebritish
4405714	4405714	whitebritish
5761685	5761685	whitebritish
1656410	1656410	whitebritish
4738697	4738697	whitebritish
5904968	5904968	whitebritish
1185990	1185990	whitebritish
4330269	4330269	whitebritish
3605154	3605154	whitebritish
4650278	4650278	whitebritish
1083999	1083999	whitebritish
4139170	4139170	whitebritish
3079070	3079070	whitebritish
5107915	5107915	whitebritish
5932808	5932808	whitebritish
4465777	4465777	whitebritish
4876259	4876259	whitebritish
4880564	4880564	whitebritish
5024599	5024599	whitebritish
1194857	1194857	whitebritish
3260945	3260945	whitebritish
5283047	5283047	whitebritish
2609140	2609140	whitebritish
3242530	3242530	whitebritish
3060184	3060184	whitebritish
5955479	5955479	whitebritish
5607706	5607706	whitebritish
2514635	2514635	whitebritish
1473546	1473546	whitebritish
2375065	2375065	whitebritish
2128853	2128853	whitebritish
2806494	2806494	whitebritish
2548754	2548754	whitebritish
3767272	3767272	whitebritish
4370359	4370359	whitebritish
2581887	2581887	whitebritish
2305299	2305299	whitebritish
2920050	2920050	whitebritish
5097339	5097339	whitebritish
1650834	1650834	whitebritish
2035735	2035735	whitebritish
4273875	4273875	whitebritish
5631211	5631211	whitebritish
3466830	3466830	whitebritish
3032521	3032521	whitebritish
3086564	3086564	whitebritish
2522407	2522407	whitebritish
2998523	2998523	whitebritish
3557928	3557928	whitebritish
4421100	4421100	whitebritish
2486930	2486930	whitebritish
3247264	3247264	whitebritish
1242559	1242559	whitebritish
5072673	5072673	whitebritish
4887992	4887992	whitebritish
2483094	2483094	whitebritish
4831496	4831496	whitebritish
4084186	4084186	whitebritish
5647812	5647812	whitebritish
4033109	4033109	whitebritish
1806687	1806687	whitebritish
2054461	2054461	whitebritish
4250535	4250535	whitebritish
3136218	3136218	whitebritish
4613844	4613844	whitebritish
5126080	5126080	whitebritish
3456555	3456555	whitebritish
2766294	2766294	whitebritish
4485947	4485947	whitebritish
5687550	5687550	whitebritish
5839438	5839438	whitebritish
1843463	1843463	whitebritish
3385438	3385438	whitebritish
1298686	1298686	whitebritish
3299819	3299819	whitebritish
1856224	1856224	whitebritish
2700129	2700129	whitebritish
5516714	5516714	whitebritish
2855200	2855200	whitebritish
5821487	5821487	whitebritish
1960521	1960521	whitebritish
3160805	3160805	whitebritish
4610635	4610635	whitebritish
2819472	2819472	whitebritish
5427123	5427123	whitebritish
4885410	4885410	whitebritish
3627806	3627806	whitebritish
3825618	3825618	whitebritish
1755176	1755176	whitebritish
2049964	2049964	whitebritish
5611750	5611750	whitebritish
1899150	1899150	whitebritish
3926260	3926260	whitebritish
3787240	3787240	whitebritish
2739098	2739098	whitebritish
4823635	4823635	whitebritish
3291331	3291331	whitebritish
4421983	4421983	whitebritish
5837008	5837008	whitebritish
2451609	2451609	whitebritish
3664190	3664190	whitebritish
1300487	1300487	whitebritish
3113145	3113145	whitebritish
4118809	4118809	whitebritish
2029956	2029956	whitebritish
2197260	2197260	whitebritish
1558918	1558918	whitebritish
4866003	4866003	whitebritish
5562651	5562651	whitebritish
2713683	2713683	whitebritish
1435473	1435473	whitebritish
3590423	3590423	whitebritish
1196587	1196587	whitebritish
2507563	2507563	whitebritish
1674256	1674256	whitebritish
5853494	5853494	whitebritish
2016191	2016191	whitebritish
2413194	2413194	whitebritish
1646253	1646253	whitebritish
4508170	4508170	whitebritish
2044519	2044519	whitebritish
5026993	5026993	whitebritish
4531114	4531114	whitebritish
4897182	4897182	whitebritish
4372383	4372383	whitebritish
2660254	2660254	whitebritish
3289799	3289799	whitebritish
5342030	5342030	whitebritish
4632182	4632182	whitebritish
1360749	1360749	whitebritish
3126399	3126399	whitebritish
1720015	1720015	whitebritish
4647141	4647141	whitebritish
3913780	3913780	whitebritish
2031997	2031997	whitebritish
4286066	4286066	whitebritish
1007308	1007308	whitebritish
1047340	1047340	whitebritish
4927191	4927191	whitebritish
2110310	2110310	whitebritish
3732635	3732635	whitebritish
5102015	5102015	whitebritish
5603397	5603397	whitebritish
4529746	4529746	whitebritish
4618526	4618526	whitebritish
1440872	1440872	whitebritish
2482530	2482530	whitebritish
4426745	4426745	whitebritish
3342076	3342076	whitebritish
2281009	2281009	whitebritish
3667127	3667127	whitebritish
3411153	3411153	whitebritish
3257363	3257363	whitebritish
1217546	1217546	whitebritish
4767675	4767675	whitebritish
5341918	5341918	whitebritish
4090837	4090837	whitebritish
3992386	3992386	whitebritish
2753876	2753876	whitebritish
3177810	3177810	whitebritish
3575319	3575319	whitebritish
5162193	5162193	whitebritish
1131642	1131642	whitebritish
5284267	5284267	whitebritish
5766547	5766547	whitebritish
1153397	1153397	whitebritish
4951761	4951761	whitebritish
1259833	1259833	whitebritish
3104897	3104897	whitebritish
1140336	1140336	whitebritish
4207847	4207847	whitebritish
5247072	5247072	whitebritish
5523919	5523919	whitebritish
4612259	4612259	whitebritish
2352994	2352994	whitebritish
3746029	3746029	whitebritish
3331996	3331996	whitebritish
4368537	4368537	whitebritish
3100892	3100892	whitebritish
1333970	1333970	whitebritish
5337733	5337733	whitebritish
2816878	2816878	whitebritish
4063036	4063036	whitebritish
4301454	4301454	whitebritish
5692818	5692818	whitebritish
3774906	3774906	whitebritish
2804512	2804512	whitebritish
2760398	2760398	whitebritish
4739446	4739446	whitebritish
5466225	5466225	whitebritish
5058075	5058075	whitebritish
4014338	4014338	whitebritish
5060587	5060587	whitebritish
5103450	5103450	whitebritish
3978852	3978852	whitebritish
3371906	3371906	whitebritish
3392587	3392587	whitebritish
1287906	1287906	whitebritish
1311360	1311360	whitebritish
3051090	3051090	whitebritish
3973300	3973300	whitebritish
5121142	5121142	whitebritish
1745698	1745698	whitebritish
4083864	4083864	whitebritish
2405403	2405403	whitebritish
4099773	4099773	whitebritish
1504584	1504584	whitebritish
4862624	4862624	whitebritish
2417350	2417350	whitebritish
5602207	5602207	whitebritish
3208308	3208308	whitebritish
1760595	1760595	whitebritish
3683251	3683251	whitebritish
3486797	3486797	whitebritish
2070882	2070882	whitebritish
5852375	5852375	whitebritish
5439874	5439874	whitebritish
2163037	2163037	whitebritish
5397944	5397944	whitebritish
3240202	3240202	whitebritish
3486245	3486245	whitebritish
4571520	4571520	whitebritish
2568916	2568916	whitebritish
1246210	1246210	whitebritish
5406226	5406226	whitebritish
2908969	2908969	whitebritish
5446357	5446357	whitebritish
4373953	4373953	whitebritish
2676530	2676530	whitebritish
4176328	4176328	whitebritish
3843483	3843483	whitebritish
5250701	5250701	whitebritish
2796276	2796276	whitebritish
3112748	3112748	whitebritish
4329577	4329577	whitebritish
2932430	2932430	whitebritish
4496365	4496365	whitebritish
4583343	4583343	whitebritish
4362880	4362880	whitebritish
4317976	4317976	whitebritish
4781684	4781684	whitebritish
4966764	4966764	whitebritish
5353725	5353725	whitebritish
1858669	1858669	whitebritish
1227351	1227351	whitebritish
4085185	4085185	whitebritish
4110183	4110183	whitebritish
3335029	3335029	whitebritish
2849510	2849510	whitebritish
3352042	3352042	whitebritish
5903843	5903843	whitebritish
4290769	4290769	whitebritish
2311773	2311773	whitebritish
2017042	2017042	whitebritish
2996097	2996097	whitebritish
3554738	3554738	whitebritish
2673223	2673223	whitebritish
2208537	2208537	whitebritish
3569119	3569119	whitebritish
5807359	5807359	whitebritish
3986568	3986568	whitebritish
2309864	2309864	whitebritish
4142330	4142330	whitebritish
2826708	2826708	whitebritish
3800144	3800144	whitebritish
5481370	5481370	whitebritish
4929837	4929837	whitebritish
4707767	4707767	whitebritish
4443588	4443588	whitebritish
4563458	4563458	whitebritish
5894744	5894744	whitebritish
3987503	3987503	whitebritish
4001772	4001772	whitebritish
3275376	3275376	whitebritish
1262471	1262471	whitebritish
3655932	3655932	whitebritish
4362950	4362950	whitebritish
1439088	1439088	whitebritish
4728710	4728710	whitebritish
4389947	4389947	whitebritish
5583178	5583178	whitebritish
1797593	1797593	whitebritish
3785628	3785628	whitebritish
5472650	5472650	whitebritish
4946348	4946348	whitebritish
1566177	1566177	whitebritish
2208009	2208009	whitebritish
4434573	4434573	whitebritish
5294523	5294523	whitebritish
4516149	4516149	whitebritish
4217963	4217963	whitebritish
1318769	1318769	whitebritish
1111122	1111122	whitebritish
5981433	5981433	whitebritish
4383562	4383562	whitebritish
5185687	5185687	whitebritish
2590416	2590416	whitebritish
4838360	4838360	whitebritish
1497487	1497487	whitebritish
1270549	1270549	whitebritish
2721307	2721307	whitebritish
4497286	4497286	whitebritish
5483414	5483414	whitebritish
5905915	5905915	whitebritish
4937961	4937961	whitebritish
5410356	5410356	whitebritish
5367722	5367722	whitebritish
4562173	4562173	whitebritish
1054859	1054859	whitebritish
2922382	2922382	whitebritish
2779239	2779239	whitebritish
2537498	2537498	whitebritish
3071326	3071326	whitebritish
3678752	3678752	whitebritish
4015288	4015288	whitebritish
5778627	5778627	whitebritish
5545837	5545837	whitebritish
2675852	2675852	whitebritish
2611780	2611780	whitebritish
1149176	1149176	whitebritish
3223153	3223153	whitebritish
5711363	5711363	whitebritish
5832813	5832813	whitebritish
2792994	2792994	whitebritish
5846704	5846704	whitebritish
5606746	5606746	whitebritish
2171663	2171663	whitebritish
3418975	3418975	whitebritish
3849821	3849821	whitebritish
3492395	3492395	whitebritish
2583801	2583801	whitebritish
3148577	3148577	whitebritish
5341547	5341547	whitebritish
5196531	5196531	whitebritish
1115315	1115315	whitebritish
3416345	3416345	whitebritish
3183013	3183013	whitebritish
3076263	3076263	whitebritish
6018078	6018078	whitebritish
3218914	3218914	whitebritish
3046954	3046954	whitebritish
3200383	3200383	whitebritish
1657373	1657373	whitebritish
3610748	3610748	whitebritish
5616646	5616646	whitebritish
3245350	3245350	whitebritish
3726505	3726505	whitebritish
1353407	1353407	whitebritish
5539850	5539850	whitebritish
5364757	5364757	whitebritish
5824097	5824097	whitebritish
4526183	4526183	whitebritish
2614782	2614782	whitebritish
1196786	1196786	whitebritish
4906410	4906410	whitebritish
3001994	3001994	whitebritish
3546756	3546756	whitebritish
2319928	2319928	whitebritish
2169452	2169452	whitebritish
2698466	2698466	whitebritish
1660339	1660339	whitebritish
5454466	5454466	whitebritish
5587975	5587975	whitebritish
5041152	5041152	whitebritish
2721677	2721677	whitebritish
5784975	5784975	whitebritish
3299166	3299166	whitebritish
4661959	4661959	whitebritish
5146818	5146818	whitebritish
1342916	1342916	whitebritish
1240206	1240206	whitebritish
3712704	3712704	whitebritish
5891976	5891976	whitebritish
1520878	1520878	whitebritish
1193577	1193577	whitebritish
1235993	1235993	whitebritish
1872103	1872103	whitebritish
3457007	3457007	whitebritish
3307605	3307605	whitebritish
4687322	4687322	whitebritish
5986823	5986823	whitebritish
4675201	4675201	whitebritish
5626823	5626823	whitebritish
5937897	5937897	whitebritish
2069979	2069979	whitebritish
3013916	3013916	whitebritish
2268600	2268600	whitebritish
1755128	1755128	whitebritish
1522640	1522640	whitebritish
1550575	1550575	whitebritish
3062050	3062050	whitebritish
2502365	2502365	whitebritish
3530754	3530754	whitebritish
2265405	2265405	whitebritish
1604389	1604389	whitebritish
4533789	4533789	whitebritish
4704138	4704138	whitebritish
1054770	1054770	whitebritish
1103005	1103005	whitebritish
3997831	3997831	whitebritish
4539441	4539441	whitebritish
6007692	6007692	whitebritish
5182188	5182188	whitebritish
5750358	5750358	whitebritish
2010013	2010013	whitebritish
1578216	1578216	whitebritish
1837276	1837276	whitebritish
4035711	4035711	whitebritish
4544449	4544449	whitebritish
3611943	3611943	whitebritish
3179632	3179632	whitebritish
5858802	5858802	whitebritish
1073142	1073142	whitebritish
2788447	2788447	whitebritish
2276328	2276328	whitebritish
5119244	5119244	whitebritish
2831415	2831415	whitebritish
2031282	2031282	whitebritish
5643591	5643591	whitebritish
1139011	1139011	whitebritish
4902135	4902135	whitebritish
1833306	1833306	whitebritish
2174040	2174040	whitebritish
3159833	3159833	whitebritish
5006234	5006234	whitebritish
4900147	4900147	whitebritish
2947185	2947185	whitebritish
2884894	2884894	whitebritish
3366359	3366359	whitebritish
4872128	4872128	whitebritish
3859886	3859886	whitebritish
1409949	1409949	whitebritish
5492328	5492328	whitebritish
1889186	1889186	whitebritish
3523504	3523504	whitebritish
3590710	3590710	whitebritish
5913831	5913831	whitebritish
1676235	1676235	whitebritish
4622471	4622471	whitebritish
4969962	4969962	whitebritish
4195830	4195830	whitebritish
2159250	2159250	whitebritish
1179118	1179118	whitebritish
2172448	2172448	whitebritish
1212462	1212462	whitebritish
4820209	4820209	whitebritish
1761034	1761034	whitebritish
3535008	3535008	whitebritish
3668345	3668345	whitebritish
5349210	5349210	whitebritish
2599570	2599570	whitebritish
3736408	3736408	whitebritish
3381261	3381261	whitebritish
4668806	4668806	whitebritish
3923589	3923589	whitebritish
4460318	4460318	whitebritish
1646849	1646849	whitebritish
2745208	2745208	whitebritish
2093249	2093249	whitebritish
5172026	5172026	whitebritish
2891159	2891159	whitebritish
2349517	2349517	whitebritish
3176111	3176111	whitebritish
2476838	2476838	whitebritish
1823947	1823947	whitebritish
5436475	5436475	whitebritish
4328500	4328500	whitebritish
2919093	2919093	whitebritish
4511782	4511782	whitebritish
1795394	1795394	whitebritish
5567196	5567196	whitebritish
5521888	5521888	whitebritish
1845646	1845646	whitebritish
3616216	3616216	whitebritish
1344010	1344010	whitebritish
3634656	3634656	whitebritish
2801563	2801563	whitebritish
4741738	4741738	whitebritish
3913516	3913516	whitebritish
1593388	1593388	whitebritish
4883775	4883775	whitebritish
3851426	3851426	whitebritish
5272977	5272977	whitebritish
4346457	4346457	whitebritish
4503006	4503006	whitebritish
2465587	2465587	whitebritish
3758491	3758491	whitebritish
5845288	5845288	whitebritish
3059404	3059404	whitebritish
5815328	5815328	whitebritish
4889000	4889000	whitebritish
5119676	5119676	whitebritish
5686590	5686590	whitebritish
2962474	2962474	whitebritish
3366121	3366121	whitebritish
3747242	3747242	whitebritish
4462694	4462694	whitebritish
1434177	1434177	whitebritish
5926696	5926696	whitebritish
1655751	1655751	whitebritish
2977894	2977894	whitebritish
1873013	1873013	whitebritish
1889959	1889959	whitebritish
3966659	3966659	whitebritish
2492709	2492709	whitebritish
2254159	2254159	whitebritish
2272695	2272695	whitebritish
3768815	3768815	whitebritish
4199055	4199055	whitebritish
1802423	1802423	whitebritish
2619854	2619854	whitebritish
3112056	3112056	whitebritish
2517400	2517400	whitebritish
1936787	1936787	whitebritish
5553939	5553939	whitebritish
2946841	2946841	whitebritish
5778444	5778444	whitebritish
3270710	3270710	whitebritish
4528100	4528100	whitebritish
1921463	1921463	whitebritish
5409633	5409633	whitebritish
1080050	1080050	whitebritish
2030730	2030730	whitebritish
1789190	1789190	whitebritish
4893579	4893579	whitebritish
2684153	2684153	whitebritish
4251888	4251888	whitebritish
4132837	4132837	whitebritish
5905211	5905211	whitebritish
4117510	4117510	whitebritish
2708084	2708084	whitebritish
4091018	4091018	whitebritish
4875679	4875679	whitebritish
5785673	5785673	whitebritish
1695754	1695754	whitebritish
2653235	2653235	whitebritish
1801670	1801670	whitebritish
3056448	3056448	whitebritish
1454107	1454107	whitebritish
2667667	2667667	whitebritish
1716639	1716639	whitebritish
2270297	2270297	whitebritish
4450498	4450498	whitebritish
4633113	4633113	whitebritish
3443440	3443440	whitebritish
1709826	1709826	whitebritish
1366573	1366573	whitebritish
4585804	4585804	whitebritish
5939244	5939244	whitebritish
3438540	3438540	whitebritish
1855225	1855225	whitebritish
2047845	2047845	whitebritish
1972711	1972711	whitebritish
3689279	3689279	whitebritish
4262634	4262634	whitebritish
4089409	4089409	whitebritish
4196948	4196948	whitebritish
1918251	1918251	whitebritish
1984287	1984287	whitebritish
3950263	3950263	whitebritish
2489158	2489158	whitebritish
5369941	5369941	whitebritish
3904714	3904714	whitebritish
1146506	1146506	whitebritish
5757202	5757202	whitebritish
1675494	1675494	whitebritish
1703159	1703159	whitebritish
2035790	2035790	whitebritish
4909097	4909097	whitebritish
3295326	3295326	whitebritish
4750242	4750242	whitebritish
2751441	2751441	whitebritish
2830048	2830048	whitebritish
2160393	2160393	whitebritish
1970879	1970879	whitebritish
5329062	5329062	whitebritish
4825670	4825670	whitebritish
4674406	4674406	whitebritish
5330376	5330376	whitebritish
5772212	5772212	whitebritish
5193954	5193954	whitebritish
4822843	4822843	whitebritish
5357278	5357278	whitebritish
1416270	1416270	whitebritish
5208411	5208411	whitebritish
1478699	1478699	whitebritish
1423513	1423513	whitebritish
3197289	3197289	whitebritish
5252199	5252199	whitebritish
5350133	5350133	whitebritish
1920006	1920006	whitebritish
1192172	1192172	whitebritish
4029146	4029146	whitebritish
1458614	1458614	whitebritish
2489410	2489410	whitebritish
1069973	1069973	whitebritish
3218408	3218408	whitebritish
3212196	3212196	whitebritish
3925927	3925927	whitebritish
1910982	1910982	whitebritish
3956679	3956679	whitebritish
3088763	3088763	whitebritish
1810731	1810731	whitebritish
4245566	4245566	whitebritish
4791974	4791974	whitebritish
5806782	5806782	whitebritish
5964386	5964386	whitebritish
5237113	5237113	whitebritish
2469219	2469219	whitebritish
4911412	4911412	whitebritish
3930657	3930657	whitebritish
1442463	1442463	whitebritish
2750521	2750521	whitebritish
2851993	2851993	whitebritish
4803259	4803259	whitebritish
5938354	5938354	whitebritish
2833962	2833962	whitebritish
4480270	4480270	whitebritish
2633910	2633910	whitebritish
1066334	1066334	whitebritish
5478718	5478718	whitebritish
4491391	4491391	whitebritish
1417485	1417485	whitebritish
5283191	5283191	whitebritish
5777046	5777046	whitebritish
3567590	3567590	whitebritish
5694221	5694221	whitebritish
2159367	2159367	whitebritish
4363175	4363175	whitebritish
4564293	4564293	whitebritish
2560400	2560400	whitebritish
3834393	3834393	whitebritish
5249349	5249349	whitebritish
3702771	3702771	whitebritish
2283568	2283568	whitebritish
2599755	2599755	whitebritish
2938736	2938736	whitebritish
1326454	1326454	whitebritish
3483997	3483997	whitebritish
1696137	1696137	whitebritish
3806165	3806165	whitebritish
3511668	3511668	whitebritish
4035962	4035962	whitebritish
3603950	3603950	whitebritish
2169374	2169374	whitebritish
2090640	2090640	whitebritish
1059799	1059799	whitebritish
4120371	4120371	whitebritish
5936294	5936294	whitebritish
2423718	2423718	whitebritish
4967007	4967007	whitebritish
3140125	3140125	whitebritish
2540587	2540587	whitebritish
5601031	5601031	whitebritish
5000417	5000417	whitebritish
3529141	3529141	whitebritish
5311067	5311067	whitebritish
3247873	3247873	whitebritish
5241440	5241440	whitebritish
5249929	5249929	whitebritish
2203328	2203328	whitebritish
1407488	1407488	whitebritish
3464018	3464018	whitebritish
5052787	5052787	whitebritish
4037148	4037148	whitebritish
1478564	1478564	whitebritish
2652963	2652963	whitebritish
3654909	3654909	whitebritish
5914140	5914140	whitebritish
1556327	1556327	whitebritish
4403801	4403801	whitebritish
5174529	5174529	whitebritish
1305890	1305890	whitebritish
5662343	5662343	whitebritish
3911083	3911083	whitebritish
1318598	1318598	whitebritish
4446704	4446704	whitebritish
3993367	3993367	whitebritish
4324424	4324424	whitebritish
3000293	3000293	whitebritish
1310673	1310673	whitebritish
4567786	4567786	whitebritish
4977513	4977513	whitebritish
1920401	1920401	whitebritish
1842573	1842573	whitebritish
1442910	1442910	whitebritish
1451744	1451744	whitebritish
5189442	5189442	whitebritish
1539573	1539573	whitebritish
3622276	3622276	whitebritish
2170281	2170281	whitebritish
3127118	3127118	whitebritish
1356115	1356115	whitebritish
4302699	4302699	whitebritish
4106173	4106173	whitebritish
5282842	5282842	whitebritish
2308430	2308430	whitebritish
3129200	3129200	whitebritish
1335189	1335189	whitebritish
5651668	5651668	whitebritish
5147127	5147127	whitebritish
4592534	4592534	whitebritish
4243805	4243805	whitebritish
5007326	5007326	whitebritish
1447106	1447106	whitebritish
1531918	1531918	whitebritish
2465497	2465497	whitebritish
4035382	4035382	whitebritish
2575424	2575424	whitebritish
2392345	2392345	whitebritish
1618785	1618785	whitebritish
5956977	5956977	whitebritish
4246366	4246366	whitebritish
4365912	4365912	whitebritish
5934356	5934356	whitebritish
5590999	5590999	whitebritish
3425323	3425323	whitebritish
2376969	2376969	whitebritish
2721682	2721682	whitebritish
1140511	1140511	whitebritish
5030912	5030912	whitebritish
3228047	3228047	whitebritish
1466993	1466993	whitebritish
2093682	2093682	whitebritish
4519438	4519438	whitebritish
2877133	2877133	whitebritish
4910793	4910793	whitebritish
5383344	5383344	whitebritish
1743810	1743810	whitebritish
4890732	4890732	whitebritish
5364740	5364740	whitebritish
2794224	2794224	whitebritish
3790919	3790919	whitebritish
3694076	3694076	whitebritish
1130834	1130834	whitebritish
2769586	2769586	whitebritish
5745797	5745797	whitebritish
4605059	4605059	whitebritish
2062816	2062816	whitebritish
4760127	4760127	whitebritish
4003035	4003035	whitebritish
3591473	3591473	whitebritish
5436204	5436204	whitebritish
4597055	4597055	whitebritish
4372397	4372397	whitebritish
5310573	5310573	whitebritish
2978799	2978799	whitebritish
1712935	1712935	whitebritish
5068312	5068312	whitebritish
5892988	5892988	whitebritish
4764805	4764805	whitebritish
1155261	1155261	whitebritish
1151958	1151958	whitebritish
5944502	5944502	whitebritish
2282344	2282344	whitebritish
1479004	1479004	whitebritish
2502984	2502984	whitebritish
3440817	3440817	whitebritish
3045262	3045262	whitebritish
2168577	2168577	whitebritish
4505995	4505995	whitebritish
1928803	1928803	whitebritish
1323512	1323512	whitebritish
3588175	3588175	whitebritish
4193074	4193074	whitebritish
5614858	5614858	whitebritish
3306195	3306195	whitebritish
2508855	2508855	whitebritish
2294223	2294223	whitebritish
4391858	4391858	whitebritish
2092431	2092431	whitebritish
1490071	1490071	whitebritish
4369806	4369806	whitebritish
4988186	4988186	whitebritish
4081517	4081517	whitebritish
1697354	1697354	whitebritish
4326064	4326064	whitebritish
5219450	5219450	whitebritish
1050624	1050624	whitebritish
5903630	5903630	whitebritish
3871520	3871520	whitebritish
2130628	2130628	whitebritish
3206874	3206874	whitebritish
1143158	1143158	whitebritish
5481585	5481585	whitebritish
3657644	3657644	whitebritish
4319910	4319910	whitebritish
3511901	3511901	whitebritish
1125866	1125866	whitebritish
2136944	2136944	whitebritish
4467654	4467654	whitebritish
5654013	5654013	whitebritish
3521394	3521394	whitebritish
1027461	1027461	whitebritish
3696347	3696347	whitebritish
3345275	3345275	whitebritish
2933051	2933051	whitebritish
3491926	3491926	whitebritish
5845454	5845454	whitebritish
1889141	1889141	whitebritish
1119352	1119352	whitebritish
3500344	3500344	whitebritish
2341100	2341100	whitebritish
1389787	1389787	whitebritish
3239557	3239557	whitebritish
5770769	5770769	whitebritish
1177828	1177828	whitebritish
3503839	3503839	whitebritish
4298458	4298458	whitebritish
4673948	4673948	whitebritish
1339026	1339026	whitebritish
4330568	4330568	whitebritish
1883087	1883087	whitebritish
1853324	1853324	whitebritish
1962956	1962956	whitebritish
3469415	3469415	whitebritish
1585096	1585096	whitebritish
1088732	1088732	whitebritish
3814210	3814210	whitebritish
1373242	1373242	whitebritish
1314701	1314701	whitebritish
4795341	4795341	whitebritish
2671519	2671519	whitebritish
3719019	3719019	whitebritish
3172335	3172335	whitebritish
4996281	4996281	whitebritish
5661805	5661805	whitebritish
2410683	2410683	whitebritish
2834526	2834526	whitebritish
5695456	5695456	whitebritish
4061891	4061891	whitebritish
4706134	4706134	whitebritish
2421990	2421990	whitebritish
3513924	3513924	whitebritish
1537787	1537787	whitebritish
4350183	4350183	whitebritish
3464381	3464381	whitebritish
4872057	4872057	whitebritish
4862045	4862045	whitebritish
5363318	5363318	whitebritish
3932226	3932226	whitebritish
1644096	1644096	whitebritish
2464688	2464688	whitebritish
3050754	3050754	whitebritish
5664150	5664150	whitebritish
3131881	3131881	whitebritish
5810613	5810613	whitebritish
5501508	5501508	whitebritish
5735092	5735092	whitebritish
3087802	3087802	whitebritish
2239466	2239466	whitebritish
1531441	1531441	whitebritish
5353588	5353588	whitebritish
5079819	5079819	whitebritish
4383024	4383024	whitebritish
1621946	1621946	whitebritish
2981043	2981043	whitebritish
3179722	3179722	whitebritish
2005924	2005924	whitebritish
3134796	3134796	whitebritish
5499291	5499291	whitebritish
3961516	3961516	whitebritish
1648629	1648629	whitebritish
2457207	2457207	whitebritish
2079569	2079569	whitebritish
2225762	2225762	whitebritish
2504003	2504003	whitebritish
2333701	2333701	whitebritish
3021532	3021532	whitebritish
5132889	5132889	whitebritish
5229161	5229161	whitebritish
6011319	6011319	whitebritish
2695553	2695553	whitebritish
5905531	5905531	whitebritish
4790490	4790490	whitebritish
2672441	2672441	whitebritish
2418853	2418853	whitebritish
4039491	4039491	whitebritish
3183539	3183539	whitebritish
5546199	5546199	whitebritish
2150814	2150814	whitebritish
1119243	1119243	whitebritish
3428738	3428738	whitebritish
4894474	4894474	whitebritish
2120799	2120799	whitebritish
1967634	1967634	whitebritish
2301303	2301303	whitebritish
3711514	3711514	whitebritish
1358845	1358845	whitebritish
4783375	4783375	whitebritish
5227558	5227558	whitebritish
5267340	5267340	whitebritish
5164650	5164650	whitebritish
1570069	1570069	whitebritish
3288361	3288361	whitebritish
5439222	5439222	whitebritish
5537376	5537376	whitebritish
1677175	1677175	whitebritish
2875932	2875932	whitebritish
3802732	3802732	whitebritish
2521628	2521628	whitebritish
5852773	5852773	whitebritish
4586925	4586925	whitebritish
4546207	4546207	whitebritish
5156145	5156145	whitebritish
3568453	3568453	whitebritish
2306347	2306347	whitebritish
4048911	4048911	whitebritish
2254735	2254735	whitebritish
2678838	2678838	whitebritish
3285649	3285649	whitebritish
5959265	5959265	whitebritish
1008243	1008243	whitebritish
2970974	2970974	whitebritish
4941025	4941025	whitebritish
4418821	4418821	whitebritish
1919485	1919485	whitebritish
5645443	5645443	whitebritish
5970588	5970588	whitebritish
4745029	4745029	whitebritish
3536805	3536805	whitebritish
3765864	3765864	whitebritish
1329398	1329398	whitebritish
5887469	5887469	whitebritish
4005079	4005079	whitebritish
2031487	2031487	whitebritish
5005811	5005811	whitebritish
1053024	1053024	whitebritish
1831929	1831929	whitebritish
1338231	1338231	whitebritish
1347144	1347144	whitebritish
5837727	5837727	whitebritish
5386025	5386025	whitebritish
2418049	2418049	whitebritish
4104844	4104844	whitebritish
1635968	1635968	whitebritish
5918211	5918211	whitebritish
2076228	2076228	whitebritish
1327565	1327565	whitebritish
2527626	2527626	whitebritish
5120397	5120397	whitebritish
5587167	5587167	whitebritish
1367694	1367694	whitebritish
4511110	4511110	whitebritish
4392792	4392792	whitebritish
1770665	1770665	whitebritish
1207047	1207047	whitebritish
2882101	2882101	whitebritish
3925462	3925462	whitebritish
1665378	1665378	whitebritish
3644480	3644480	whitebritish
5110165	5110165	whitebritish
2786141	2786141	whitebritish
1127835	1127835	whitebritish
5889509	5889509	whitebritish
3930873	3930873	whitebritish
2771086	2771086	whitebritish
4000709	4000709	whitebritish
2112468	2112468	whitebritish
5179827	5179827	whitebritish
5307477	5307477	whitebritish
2847969	2847969	whitebritish
5757378	5757378	whitebritish
2732984	2732984	whitebritish
3461149	3461149	whitebritish
5904275	5904275	whitebritish
2506929	2506929	whitebritish
1782320	1782320	whitebritish
3557627	3557627	whitebritish
1008436	1008436	whitebritish
2500172	2500172	whitebritish
1659115	1659115	whitebritish
5709511	5709511	whitebritish
1042325	1042325	whitebritish
1532016	1532016	whitebritish
2352364	2352364	whitebritish
4703235	4703235	whitebritish
4835524	4835524	whitebritish
1313522	1313522	whitebritish
2001269	2001269	whitebritish
4085278	4085278	whitebritish
2723110	2723110	whitebritish
5393976	5393976	whitebritish
1826714	1826714	whitebritish
2701937	2701937	whitebritish
5105096	5105096	whitebritish
2889908	2889908	whitebritish
1019118	1019118	whitebritish
2167961	2167961	whitebritish
4817002	4817002	whitebritish
1015555	1015555	whitebritish
2519183	2519183	whitebritish
3966095	3966095	whitebritish
2082196	2082196	whitebritish
1971665	1971665	whitebritish
1150829	1150829	whitebritish
2228788	2228788	whitebritish
4872806	4872806	whitebritish
4601672	4601672	whitebritish
3825743	3825743	whitebritish
2233091	2233091	whitebritish
4663130	4663130	whitebritish
2259542	2259542	whitebritish
2561802	2561802	whitebritish
3419457	3419457	whitebritish
4174739	4174739	whitebritish
1208966	1208966	whitebritish
3451617	3451617	whitebritish
5150968	5150968	whitebritish
2373150	2373150	whitebritish
5763424	5763424	whitebritish
5270684	5270684	whitebritish
3261561	3261561	whitebritish
1831067	1831067	whitebritish
2555617	2555617	whitebritish
4103841	4103841	whitebritish
1537150	1537150	whitebritish
4330105	4330105	whitebritish
1814061	1814061	whitebritish
1065948	1065948	whitebritish
4507012	4507012	whitebritish
5097783	5097783	whitebritish
4095710	4095710	whitebritish
1940858	1940858	whitebritish
3685137	3685137	whitebritish
4135231	4135231	whitebritish
2458548	2458548	whitebritish
2552234	2552234	whitebritish
5902308	5902308	whitebritish
5960059	5960059	whitebritish
1798689	1798689	whitebritish
3564402	3564402	whitebritish
2207292	2207292	whitebritish
3972439	3972439	whitebritish
5014333	5014333	whitebritish
5899956	5899956	whitebritish
3721432	3721432	whitebritish
1960539	1960539	whitebritish
1148645	1148645	whitebritish
2120502	2120502	whitebritish
5365023	5365023	whitebritish
1238325	1238325	whitebritish
2721079	2721079	whitebritish
5698020	5698020	whitebritish
2880439	2880439	whitebritish
5862230	5862230	whitebritish
2210490	2210490	whitebritish
3697715	3697715	whitebritish
1797264	1797264	whitebritish
5836619	5836619	whitebritish
5639725	5639725	whitebritish
4557954	4557954	whitebritish
1839386	1839386	whitebritish
3312061	3312061	whitebritish
2882548	2882548	whitebritish
2666270	2666270	whitebritish
1469709	1469709	whitebritish
4432632	4432632	whitebritish
3814965	3814965	whitebritish
5235828	5235828	whitebritish
2849865	2849865	whitebritish
5323659	5323659	whitebritish
2589889	2589889	whitebritish
1021587	1021587	whitebritish
4646764	4646764	whitebritish
4413349	4413349	whitebritish
4987053	4987053	whitebritish
5726475	5726475	whitebritish
1608098	1608098	whitebritish
5765327	5765327	whitebritish
4083647	4083647	whitebritish
3383947	3383947	whitebritish
2023580	2023580	whitebritish
4336183	4336183	whitebritish
4864343	4864343	whitebritish
1736783	1736783	whitebritish
5990586	5990586	whitebritish
3700719	3700719	whitebritish
2618650	2618650	whitebritish
3033237	3033237	whitebritish
3670829	3670829	whitebritish
5632401	5632401	whitebritish
1333104	1333104	whitebritish
5094218	5094218	whitebritish
5123230	5123230	whitebritish
3015014	3015014	whitebritish
5393821	5393821	whitebritish
4634778	4634778	whitebritish
4518601	4518601	whitebritish
5754769	5754769	whitebritish
4273697	4273697	whitebritish
2094845	2094845	whitebritish
2532145	2532145	whitebritish
4275892	4275892	whitebritish
3983489	3983489	whitebritish
1175770	1175770	whitebritish
4303004	4303004	whitebritish
3461725	3461725	whitebritish
5185793	5185793	whitebritish
1039262	1039262	whitebritish
1199869	1199869	whitebritish
2260814	2260814	whitebritish
5597885	5597885	whitebritish
5822343	5822343	whitebritish
2536375	2536375	whitebritish
1268516	1268516	whitebritish
4387819	4387819	whitebritish
2906750	2906750	whitebritish
5788936	5788936	whitebritish
1249631	1249631	whitebritish
5133987	5133987	whitebritish
2657914	2657914	whitebritish
5820768	5820768	whitebritish
4547301	4547301	whitebritish
4992347	4992347	whitebritish
1587735	1587735	whitebritish
3950052	3950052	whitebritish
5715143	5715143	whitebritish
1751916	1751916	whitebritish
1430784	1430784	whitebritish
4639765	4639765	whitebritish
4599636	4599636	whitebritish
3648591	3648591	whitebritish
5290191	5290191	whitebritish
3054589	3054589	whitebritish
1265388	1265388	whitebritish
3359560	3359560	whitebritish
4315984	4315984	whitebritish
2241227	2241227	whitebritish
2898967	2898967	whitebritish
3423018	3423018	whitebritish
3401564	3401564	whitebritish
3439250	3439250	whitebritish
5042856	5042856	whitebritish
4207474	4207474	whitebritish
4729770	4729770	whitebritish
4753635	4753635	whitebritish
1616435	1616435	whitebritish
1531742	1531742	whitebritish
4134871	4134871	whitebritish
5103832	5103832	whitebritish
3662993	3662993	whitebritish
3676693	3676693	whitebritish
1186840	1186840	whitebritish
1433348	1433348	whitebritish
1598448	1598448	whitebritish
5154361	5154361	whitebritish
6021927	6021927	whitebritish
3304466	3304466	whitebritish
3464548	3464548	whitebritish
1838757	1838757	whitebritish
1157792	1157792	whitebritish
1253659	1253659	whitebritish
3704766	3704766	whitebritish
2894332	2894332	whitebritish
1790273	1790273	whitebritish
3688742	3688742	whitebritish
5392855	5392855	whitebritish
1751293	1751293	whitebritish
1139143	1139143	whitebritish
4508482	4508482	whitebritish
2268921	2268921	whitebritish
4478063	4478063	whitebritish
3747579	3747579	whitebritish
3289466	3289466	whitebritish
5238577	5238577	whitebritish
5807365	5807365	whitebritish
5408402	5408402	whitebritish
4181791	4181791	whitebritish
5562684	5562684	whitebritish
4298336	4298336	whitebritish
4865479	4865479	whitebritish
3741217	3741217	whitebritish
1138798	1138798	whitebritish
2452765	2452765	whitebritish
3119882	3119882	whitebritish
5740057	5740057	whitebritish
3173703	3173703	whitebritish
2977525	2977525	whitebritish
2914247	2914247	whitebritish
1874393	1874393	whitebritish
4061887	4061887	whitebritish
2382868	2382868	whitebritish
5571461	5571461	whitebritish
5212837	5212837	whitebritish
5684020	5684020	whitebritish
3298814	3298814	whitebritish
5089492	5089492	whitebritish
1824522	1824522	whitebritish
1874501	1874501	whitebritish
1953825	1953825	whitebritish
2807031	2807031	whitebritish
3431511	3431511	whitebritish
2327669	2327669	whitebritish
5652340	5652340	whitebritish
1375489	1375489	whitebritish
2575345	2575345	whitebritish
1110729	1110729	whitebritish
2639027	2639027	whitebritish
1397211	1397211	whitebritish
3267924	3267924	whitebritish
2899891	2899891	whitebritish
2175181	2175181	whitebritish
4315676	4315676	whitebritish
3459803	3459803	whitebritish
3551961	3551961	whitebritish
5441870	5441870	whitebritish
3597415	3597415	whitebritish
1490575	1490575	whitebritish
4027084	4027084	whitebritish
4207176	4207176	whitebritish
1139496	1139496	whitebritish
2862108	2862108	whitebritish
5742291	5742291	whitebritish
2335438	2335438	whitebritish
1121962	1121962	whitebritish
1528231	1528231	whitebritish
5228364	5228364	whitebritish
4478415	4478415	whitebritish
4142732	4142732	whitebritish
1646802	1646802	whitebritish
6023022	6023022	whitebritish
3544920	3544920	whitebritish
3800117	3800117	whitebritish
5696135	5696135	whitebritish
1556492	1556492	whitebritish
1289559	1289559	whitebritish
5246945	5246945	whitebritish
4703543	4703543	whitebritish
2786054	2786054	whitebritish
3225871	3225871	whitebritish
5782864	5782864	whitebritish
3056956	3056956	whitebritish
4377357	4377357	whitebritish
2763127	2763127	whitebritish
1953123	1953123	whitebritish
4091798	4091798	whitebritish
4302462	4302462	whitebritish
1096622	1096622	whitebritish
5749671	5749671	whitebritish
5424212	5424212	whitebritish
5484818	5484818	whitebritish
3982565	3982565	whitebritish
2444944	2444944	whitebritish
1501575	1501575	whitebritish
1995261	1995261	whitebritish
5171126	5171126	whitebritish
2149005	2149005	whitebritish
1702870	1702870	whitebritish
3834612	3834612	whitebritish
3056886	3056886	whitebritish
2643787	2643787	whitebritish
2077247	2077247	whitebritish
2159688	2159688	whitebritish
3645831	3645831	whitebritish
4875033	4875033	whitebritish
1325782	1325782	whitebritish
1196307	1196307	whitebritish
5606238	5606238	whitebritish
3730885	3730885	whitebritish
4030425	4030425	whitebritish
3727830	3727830	whitebritish
3056487	3056487	whitebritish
4516619	4516619	whitebritish
2862984	2862984	whitebritish
3595911	3595911	whitebritish
5787177	5787177	whitebritish
3196172	3196172	whitebritish
5663714	5663714	whitebritish
1605472	1605472	whitebritish
1722315	1722315	whitebritish
3493383	3493383	whitebritish
2188753	2188753	whitebritish
2727602	2727602	whitebritish
4972876	4972876	whitebritish
3716589	3716589	whitebritish
3249030	3249030	whitebritish
3723039	3723039	whitebritish
1738667	1738667	whitebritish
2288264	2288264	whitebritish
4602865	4602865	whitebritish
1271157	1271157	whitebritish
1304366	1304366	whitebritish
5303550	5303550	whitebritish
1429376	1429376	whitebritish
3147145	3147145	whitebritish
4184049	4184049	whitebritish
2561253	2561253	whitebritish
1472256	1472256	whitebritish
1275750	1275750	whitebritish
2742148	2742148	whitebritish
4885519	4885519	whitebritish
3132446	3132446	whitebritish
3145468	3145468	whitebritish
5125078	5125078	whitebritish
3364964	3364964	whitebritish
4446671	4446671	whitebritish
1198765	1198765	whitebritish
3574328	3574328	whitebritish
4238729	4238729	whitebritish
4284913	4284913	whitebritish
2689548	2689548	whitebritish
4848222	4848222	whitebritish
4873598	4873598	whitebritish
2443430	2443430	whitebritish
5990371	5990371	whitebritish
3164173	3164173	whitebritish
3653248	3653248	whitebritish
5820910	5820910	whitebritish
1347785	1347785	whitebritish
1153739	1153739	whitebritish
5482696	5482696	whitebritish
3763758	3763758	whitebritish
2472365	2472365	whitebritish
2541064	2541064	whitebritish
4869534	4869534	whitebritish
3779621	3779621	whitebritish
3827058	3827058	whitebritish
1539323	1539323	whitebritish
5862284	5862284	whitebritish
4007364	4007364	whitebritish
1137118	1137118	whitebritish
3948894	3948894	whitebritish
4660557	4660557	whitebritish
4235288	4235288	whitebritish
3224925	3224925	whitebritish
4351243	4351243	whitebritish
3417744	3417744	whitebritish
1556838	1556838	whitebritish
4772822	4772822	whitebritish
3490030	3490030	whitebritish
2552533	2552533	whitebritish
1220087	1220087	whitebritish
3654334	3654334	whitebritish
2776320	2776320	whitebritish
1022278	1022278	whitebritish
4195356	4195356	whitebritish
5392588	5392588	whitebritish
2827371	2827371	whitebritish
5224842	5224842	whitebritish
3135096	3135096	whitebritish
5803675	5803675	whitebritish
2279598	2279598	whitebritish
4113475	4113475	whitebritish
2849335	2849335	whitebritish
2882510	2882510	whitebritish
1961075	1961075	whitebritish
3032726	3032726	whitebritish
3846941	3846941	whitebritish
5085167	5085167	whitebritish
4149552	4149552	whitebritish
3349156	3349156	whitebritish
2874581	2874581	whitebritish
4677212	4677212	whitebritish
2911430	2911430	whitebritish
1730560	1730560	whitebritish
4400162	4400162	whitebritish
3728828	3728828	whitebritish
4557782	4557782	whitebritish
3046963	3046963	whitebritish
1816834	1816834	whitebritish
3406788	3406788	whitebritish
1464612	1464612	whitebritish
2875555	2875555	whitebritish
1989865	1989865	whitebritish
5422668	5422668	whitebritish
2354933	2354933	whitebritish
3729647	3729647	whitebritish
2498373	2498373	whitebritish
2917385	2917385	whitebritish
1734752	1734752	whitebritish
5505229	5505229	whitebritish
4617661	4617661	whitebritish
3609022	3609022	whitebritish
2134050	2134050	whitebritish
3330246	3330246	whitebritish
6010144	6010144	whitebritish
2110808	2110808	whitebritish
1487706	1487706	whitebritish
1774429	1774429	whitebritish
4113850	4113850	whitebritish
5101667	5101667	whitebritish
3729723	3729723	whitebritish
4174907	4174907	whitebritish
1476184	1476184	whitebritish
4840021	4840021	whitebritish
2521226	2521226	whitebritish
4113602	4113602	whitebritish
2712288	2712288	whitebritish
3204834	3204834	whitebritish
3722551	3722551	whitebritish
4163265	4163265	whitebritish
5862621	5862621	whitebritish
4114564	4114564	whitebritish
5584314	5584314	whitebritish
5440326	5440326	whitebritish
2372319	2372319	whitebritish
4083659	4083659	whitebritish
2252009	2252009	whitebritish
4829537	4829537	whitebritish
6017458	6017458	whitebritish
5262047	5262047	whitebritish
2146691	2146691	whitebritish
4098054	4098054	whitebritish
2825154	2825154	whitebritish
5153447	5153447	whitebritish
1840307	1840307	whitebritish
4437567	4437567	whitebritish
4361679	4361679	whitebritish
3944138	3944138	whitebritish
3417937	3417937	whitebritish
4337366	4337366	whitebritish
2366473	2366473	whitebritish
3108722	3108722	whitebritish
4542699	4542699	whitebritish
3982725	3982725	whitebritish
3636855	3636855	whitebritish
4711636	4711636	whitebritish
1397943	1397943	whitebritish
1973391	1973391	whitebritish
2176033	2176033	whitebritish
5601900	5601900	whitebritish
1542566	1542566	whitebritish
2516337	2516337	whitebritish
5635853	5635853	whitebritish
2312121	2312121	whitebritish
1741236	1741236	whitebritish
2235684	2235684	whitebritish
2914936	2914936	whitebritish
2185969	2185969	whitebritish
2476793	2476793	whitebritish
3878936	3878936	whitebritish
5326366	5326366	whitebritish
1978028	1978028	whitebritish
5520469	5520469	whitebritish
1092337	1092337	whitebritish
1273275	1273275	whitebritish
2140136	2140136	whitebritish
4946053	4946053	whitebritish
2284469	2284469	whitebritish
5686084	5686084	whitebritish
2905444	2905444	whitebritish
1031641	1031641	whitebritish
3665071	3665071	whitebritish
3012871	3012871	whitebritish
5715314	5715314	whitebritish
2537654	2537654	whitebritish
4796379	4796379	whitebritish
1656243	1656243	whitebritish
4049036	4049036	whitebritish
2121196	2121196	whitebritish
5506795	5506795	whitebritish
3854080	3854080	whitebritish
3916765	3916765	whitebritish
4841983	4841983	whitebritish
2081712	2081712	whitebritish
1902991	1902991	whitebritish
5273016	5273016	whitebritish
3957973	3957973	whitebritish
4788596	4788596	whitebritish
4425722	4425722	whitebritish
6016430	6016430	whitebritish
4816263	4816263	whitebritish
1337078	1337078	whitebritish
2659234	2659234	whitebritish
4253981	4253981	whitebritish
5893698	5893698	whitebritish
1725763	1725763	whitebritish
2667878	2667878	whitebritish
2587772	2587772	whitebritish
5126515	5126515	whitebritish
4239995	4239995	whitebritish
4417642	4417642	whitebritish
4989375	4989375	whitebritish
1549183	1549183	whitebritish
4669819	4669819	whitebritish
4132117	4132117	whitebritish
2659709	2659709	whitebritish
5445707	5445707	whitebritish
5805928	5805928	whitebritish
4416729	4416729	whitebritish
3335355	3335355	whitebritish
5138801	5138801	whitebritish
2742532	2742532	whitebritish
4439569	4439569	whitebritish
4065417	4065417	whitebritish
2730696	2730696	whitebritish
4541857	4541857	whitebritish
3425767	3425767	whitebritish
4060034	4060034	whitebritish
4139482	4139482	whitebritish
1496118	1496118	whitebritish
3536731	3536731	whitebritish
2178580	2178580	whitebritish
1595558	1595558	whitebritish
4441248	4441248	whitebritish
1894467	1894467	whitebritish
3030068	3030068	whitebritish
3649973	3649973	whitebritish
2514093	2514093	whitebritish
3063638	3063638	whitebritish
4561692	4561692	whitebritish
2537102	2537102	whitebritish
5234613	5234613	whitebritish
5497115	5497115	whitebritish
5306128	5306128	whitebritish
4978613	4978613	whitebritish
3081348	3081348	whitebritish
5278680	5278680	whitebritish
1538463	1538463	whitebritish
5561421	5561421	whitebritish
1164003	1164003	whitebritish
1620218	1620218	whitebritish
1132877	1132877	whitebritish
5771675	5771675	whitebritish
1174436	1174436	whitebritish
2378659	2378659	whitebritish
1986429	1986429	whitebritish
3723142	3723142	whitebritish
4745005	4745005	whitebritish
4829038	4829038	whitebritish
2428121	2428121	whitebritish
5027551	5027551	whitebritish
3743318	3743318	whitebritish
1805683	1805683	whitebritish
2404015	2404015	whitebritish
1200503	1200503	whitebritish
5940792	5940792	whitebritish
1074566	1074566	whitebritish
2792626	2792626	whitebritish
4135706	4135706	whitebritish
1950261	1950261	whitebritish
3573920	3573920	whitebritish
5600193	5600193	whitebritish
2257665	2257665	whitebritish
5839062	5839062	whitebritish
4291632	4291632	whitebritish
1871689	1871689	whitebritish
1063709	1063709	whitebritish
2876163	2876163	whitebritish
5054305	5054305	whitebritish
1049058	1049058	whitebritish
4260849	4260849	whitebritish
3982803	3982803	whitebritish
1183699	1183699	whitebritish
4320026	4320026	whitebritish
3811922	3811922	whitebritish
5250893	5250893	whitebritish
2033296	2033296	whitebritish
1002798	1002798	whitebritish
2298692	2298692	whitebritish
3386223	3386223	whitebritish
5221070	5221070	whitebritish
2538250	2538250	whitebritish
5286661	5286661	whitebritish
4332378	4332378	whitebritish
2939128	2939128	whitebritish
3037348	3037348	whitebritish
6000978	6000978	whitebritish
1727865	1727865	whitebritish
1506690	1506690	whitebritish
4200463	4200463	whitebritish
2646259	2646259	whitebritish
2329258	2329258	whitebritish
4690310	4690310	whitebritish
1619790	1619790	whitebritish
5571012	5571012	whitebritish
5335890	5335890	whitebritish
3212140	3212140	whitebritish
3552874	3552874	whitebritish
1812263	1812263	whitebritish
1468967	1468967	whitebritish
4513692	4513692	whitebritish
1262594	1262594	whitebritish
1095222	1095222	whitebritish
2400645	2400645	whitebritish
6013715	6013715	whitebritish
2856087	2856087	whitebritish
4563310	4563310	whitebritish
3023829	3023829	whitebritish
4414292	4414292	whitebritish
2840894	2840894	whitebritish
4648560	4648560	whitebritish
1355918	1355918	whitebritish
2184124	2184124	whitebritish
5671089	5671089	whitebritish
3945633	3945633	whitebritish
4189912	4189912	whitebritish
2911707	2911707	whitebritish
5955431	5955431	whitebritish
5687290	5687290	whitebritish
5646351	5646351	whitebritish
5878224	5878224	whitebritish
4591613	4591613	whitebritish
4872587	4872587	whitebritish
2716733	2716733	whitebritish
2285926	2285926	whitebritish
1033806	1033806	whitebritish
4690511	4690511	whitebritish
3186199	3186199	whitebritish
4936224	4936224	whitebritish
4256540	4256540	whitebritish
4493698	4493698	whitebritish
3298569	3298569	whitebritish
2704733	2704733	whitebritish
3527995	3527995	whitebritish
2408945	2408945	whitebritish
4146402	4146402	whitebritish
4134085	4134085	whitebritish
2490292	2490292	whitebritish
1579121	1579121	whitebritish
6012207	6012207	whitebritish
1083850	1083850	whitebritish
3360176	3360176	whitebritish
2084848	2084848	whitebritish
6016048	6016048	whitebritish
4473480	4473480	whitebritish
4523289	4523289	whitebritish
3220962	3220962	whitebritish
1216099	1216099	whitebritish
4654268	4654268	whitebritish
1753674	1753674	whitebritish
2206979	2206979	whitebritish
4188298	4188298	whitebritish
5821522	5821522	whitebritish
5642927	5642927	whitebritish
3604128	3604128	whitebritish
1028527	1028527	whitebritish
4172602	4172602	whitebritish
2579783	2579783	whitebritish
5512481	5512481	whitebritish
3175467	3175467	whitebritish
4690400	4690400	whitebritish
4186765	4186765	whitebritish
2012301	2012301	whitebritish
2421777	2421777	whitebritish
5448842	5448842	whitebritish
1560216	1560216	whitebritish
4037946	4037946	whitebritish
4118912	4118912	whitebritish
3816173	3816173	whitebritish
2321450	2321450	whitebritish
4174935	4174935	whitebritish
3576934	3576934	whitebritish
5363129	5363129	whitebritish
5588278	5588278	whitebritish
5255935	5255935	whitebritish
3560802	3560802	whitebritish
4598907	4598907	whitebritish
2138372	2138372	whitebritish
2569643	2569643	whitebritish
2341243	2341243	whitebritish
4244019	4244019	whitebritish
3355063	3355063	whitebritish
4547740	4547740	whitebritish
3785613	3785613	whitebritish
2940600	2940600	whitebritish
5522433	5522433	whitebritish
4163857	4163857	whitebritish
5247010	5247010	whitebritish
2582647	2582647	whitebritish
1795783	1795783	whitebritish
5166356	5166356	whitebritish
2562579	2562579	whitebritish
5523589	5523589	whitebritish
5354088	5354088	whitebritish
3120523	3120523	whitebritish
5630025	5630025	whitebritish
3030294	3030294	whitebritish
5067124	5067124	whitebritish
2025276	2025276	whitebritish
3372509	3372509	whitebritish
2324895	2324895	whitebritish
2304811	2304811	whitebritish
5515741	5515741	whitebritish
4642172	4642172	whitebritish
5626233	5626233	whitebritish
5455492	5455492	whitebritish
5282123	5282123	whitebritish
1195193	1195193	whitebritish
5161592	5161592	whitebritish
1023298	1023298	whitebritish
4660693	4660693	whitebritish
4360720	4360720	whitebritish
3634046	3634046	whitebritish
3599102	3599102	whitebritish
5145452	5145452	whitebritish
3562927	3562927	whitebritish
1408085	1408085	whitebritish
2917611	2917611	whitebritish
5501726	5501726	whitebritish
3426235	3426235	whitebritish
3260765	3260765	whitebritish
1742475	1742475	whitebritish
2692118	2692118	whitebritish
5104051	5104051	whitebritish
2317367	2317367	whitebritish
5231688	5231688	whitebritish
1404873	1404873	whitebritish
2984364	2984364	whitebritish
1955983	1955983	whitebritish
2421526	2421526	whitebritish
4640200	4640200	whitebritish
5323554	5323554	whitebritish
5696821	5696821	whitebritish
4424541	4424541	whitebritish
2582049	2582049	whitebritish
3247907	3247907	whitebritish
1805568	1805568	whitebritish
5053456	5053456	whitebritish
5529885	5529885	whitebritish
5926401	5926401	whitebritish
2938143	2938143	whitebritish
4985645	4985645	whitebritish
3119630	3119630	whitebritish
1345340	1345340	whitebritish
1061609	1061609	whitebritish
2807820	2807820	whitebritish
3311731	3311731	whitebritish
3833001	3833001	whitebritish
2187099	2187099	whitebritish
3353268	3353268	whitebritish
1036789	1036789	whitebritish
2574664	2574664	whitebritish
2964296	2964296	whitebritish
2147812	2147812	whitebritish
2921590	2921590	whitebritish
4937770	4937770	whitebritish
2375452	2375452	whitebritish
2954277	2954277	whitebritish
2826071	2826071	whitebritish
3805194	3805194	whitebritish
5010214	5010214	whitebritish
2451551	2451551	whitebritish
4353788	4353788	whitebritish
1003177	1003177	whitebritish
3894837	3894837	whitebritish
2127130	2127130	whitebritish
4655204	4655204	whitebritish
4847926	4847926	whitebritish
1677313	1677313	whitebritish
5958078	5958078	whitebritish
3266635	3266635	whitebritish
1076613	1076613	whitebritish
5976098	5976098	whitebritish
3905739	3905739	whitebritish
5950718	5950718	whitebritish
3277081	3277081	whitebritish
1008911	1008911	whitebritish
2344854	2344854	whitebritish
2704098	2704098	whitebritish
3422275	3422275	whitebritish
4461001	4461001	whitebritish
3597236	3597236	whitebritish
5811876	5811876	whitebritish
4965665	4965665	whitebritish
4654770	4654770	whitebritish
4067083	4067083	whitebritish
2417089	2417089	whitebritish
2185727	2185727	whitebritish
3060836	3060836	whitebritish
3107618	3107618	whitebritish
1755806	1755806	whitebritish
4670251	4670251	whitebritish
3073031	3073031	whitebritish
5121111	5121111	whitebritish
5683887	5683887	whitebritish
2244382	2244382	whitebritish
4669890	4669890	whitebritish
3303983	3303983	whitebritish
1585216	1585216	whitebritish
3717787	3717787	whitebritish
1750533	1750533	whitebritish
3560480	3560480	whitebritish
5931236	5931236	whitebritish
2281541	2281541	whitebritish
1368732	1368732	whitebritish
1671885	1671885	whitebritish
2902410	2902410	whitebritish
4926541	4926541	whitebritish
1739753	1739753	whitebritish
5996666	5996666	whitebritish
5521712	5521712	whitebritish
5243713	5243713	whitebritish
3430456	3430456	whitebritish
1810455	1810455	whitebritish
3032700	3032700	whitebritish
5198609	5198609	whitebritish
3544022	3544022	whitebritish
3702348	3702348	whitebritish
2615795	2615795	whitebritish
5844631	5844631	whitebritish
5841482	5841482	whitebritish
2520276	2520276	whitebritish
5923722	5923722	whitebritish
1502024	1502024	whitebritish
3298729	3298729	whitebritish
2034060	2034060	whitebritish
5503601	5503601	whitebritish
1466926	1466926	whitebritish
4403087	4403087	whitebritish
4850788	4850788	whitebritish
3427436	3427436	whitebritish
4683475	4683475	whitebritish
1880577	1880577	whitebritish
1903255	1903255	whitebritish
3265327	3265327	whitebritish
4127362	4127362	whitebritish
5975152	5975152	whitebritish
5891154	5891154	whitebritish
2885191	2885191	whitebritish
2566681	2566681	whitebritish
1609738	1609738	whitebritish
4770241	4770241	whitebritish
5766017	5766017	whitebritish
2334448	2334448	whitebritish
5119564	5119564	whitebritish
4131280	4131280	whitebritish
3913396	3913396	whitebritish
2478622	2478622	whitebritish
3810336	3810336	whitebritish
5624616	5624616	whitebritish
5116221	5116221	whitebritish
3464152	3464152	whitebritish
3565920	3565920	whitebritish
1981298	1981298	whitebritish
1523157	1523157	whitebritish
1817597	1817597	whitebritish
5328232	5328232	whitebritish
1594627	1594627	whitebritish
4903887	4903887	whitebritish
3874411	3874411	whitebritish
2438826	2438826	whitebritish
4399440	4399440	whitebritish
4208447	4208447	whitebritish
1874818	1874818	whitebritish
5801559	5801559	whitebritish
4236718	4236718	whitebritish
3646352	3646352	whitebritish
2712751	2712751	whitebritish
1893931	1893931	whitebritish
4924157	4924157	whitebritish
5738243	5738243	whitebritish
3762640	3762640	whitebritish
3869827	3869827	whitebritish
1006987	1006987	whitebritish
3605122	3605122	whitebritish
3704413	3704413	whitebritish
3172307	3172307	whitebritish
1337638	1337638	whitebritish
2814789	2814789	whitebritish
5392184	5392184	whitebritish
3105044	3105044	whitebritish
2015511	2015511	whitebritish
4529055	4529055	whitebritish
3532733	3532733	whitebritish
4203122	4203122	whitebritish
5161017	5161017	whitebritish
3211859	3211859	whitebritish
3841317	3841317	whitebritish
2938392	2938392	whitebritish
3342775	3342775	whitebritish
4200664	4200664	whitebritish
1549599	1549599	whitebritish
1310012	1310012	whitebritish
2254402	2254402	whitebritish
2568628	2568628	whitebritish
3990064	3990064	whitebritish
3904122	3904122	whitebritish
2005879	2005879	whitebritish
5276498	5276498	whitebritish
4321457	4321457	whitebritish
3820466	3820466	whitebritish
2194002	2194002	whitebritish
1036349	1036349	whitebritish
2117576	2117576	whitebritish
1826733	1826733	whitebritish
4021896	4021896	whitebritish
1910242	1910242	whitebritish
4226401	4226401	whitebritish
2570807	2570807	whitebritish
1376978	1376978	whitebritish
4751573	4751573	whitebritish
3126161	3126161	whitebritish
5093703	5093703	whitebritish
1537462	1537462	whitebritish
5639810	5639810	whitebritish
2827984	2827984	whitebritish
4613385	4613385	whitebritish
2478441	2478441	whitebritish
5696866	5696866	whitebritish
1266024	1266024	whitebritish
4479021	4479021	whitebritish
2438141	2438141	whitebritish
2195474	2195474	whitebritish
2508711	2508711	whitebritish
1455124	1455124	whitebritish
3218362	3218362	whitebritish
3500247	3500247	whitebritish
5675012	5675012	whitebritish
1241723	1241723	whitebritish
1074905	1074905	whitebritish
1185148	1185148	whitebritish
2047939	2047939	whitebritish
5711079	5711079	whitebritish
3883646	3883646	whitebritish
1950496	1950496	whitebritish
5021876	5021876	whitebritish
3872051	3872051	whitebritish
4015375	4015375	whitebritish
2803901	2803901	whitebritish
3430128	3430128	whitebritish
3082861	3082861	whitebritish
2155957	2155957	whitebritish
2280904	2280904	whitebritish
5831766	5831766	whitebritish
5404254	5404254	whitebritish
5915571	5915571	whitebritish
2440028	2440028	whitebritish
1296298	1296298	whitebritish
1503870	1503870	whitebritish
1488889	1488889	whitebritish
4148767	4148767	whitebritish
3261750	3261750	whitebritish
5743862	5743862	whitebritish
3332277	3332277	whitebritish
5282986	5282986	whitebritish
1673167	1673167	whitebritish
3244001	3244001	whitebritish
2864416	2864416	whitebritish
3383861	3383861	whitebritish
3265838	3265838	whitebritish
1606993	1606993	whitebritish
2055229	2055229	whitebritish
5988606	5988606	whitebritish
3537897	3537897	whitebritish
1733829	1733829	whitebritish
5349494	5349494	whitebritish
5482750	5482750	whitebritish
1934970	1934970	whitebritish
2859066	2859066	whitebritish
3504984	3504984	whitebritish
2760915	2760915	whitebritish
1040755	1040755	whitebritish
1529738	1529738	whitebritish
3285866	3285866	whitebritish
4280019	4280019	whitebritish
5962878	5962878	whitebritish
1802973	1802973	whitebritish
3042956	3042956	whitebritish
1312876	1312876	whitebritish
4116443	4116443	whitebritish
5780856	5780856	whitebritish
2828727	2828727	whitebritish
4813900	4813900	whitebritish
1558985	1558985	whitebritish
4513563	4513563	whitebritish
4170171	4170171	whitebritish
3357870	3357870	whitebritish
5234121	5234121	whitebritish
3621277	3621277	whitebritish
3642695	3642695	whitebritish
3429952	3429952	whitebritish
1885461	1885461	whitebritish
4260383	4260383	whitebritish
5524058	5524058	whitebritish
3830863	3830863	whitebritish
1156828	1156828	whitebritish
2004777	2004777	whitebritish
5440481	5440481	whitebritish
2196458	2196458	whitebritish
5924354	5924354	whitebritish
2169679	2169679	whitebritish
5154513	5154513	whitebritish
5718203	5718203	whitebritish
5812623	5812623	whitebritish
1514881	1514881	whitebritish
4556418	4556418	whitebritish
1147698	1147698	whitebritish
1785007	1785007	whitebritish
3820408	3820408	whitebritish
3448328	3448328	whitebritish
3431262	3431262	whitebritish
5285320	5285320	whitebritish
4186720	4186720	whitebritish
3527097	3527097	whitebritish
4714400	4714400	whitebritish
5724841	5724841	whitebritish
1705231	1705231	whitebritish
4285092	4285092	whitebritish
1421372	1421372	whitebritish
5302851	5302851	whitebritish
5323762	5323762	whitebritish
4114736	4114736	whitebritish
3113319	3113319	whitebritish
2637978	2637978	whitebritish
4413013	4413013	whitebritish
5988301	5988301	whitebritish
5864882	5864882	whitebritish
2903165	2903165	whitebritish
4497604	4497604	whitebritish
3485034	3485034	whitebritish
5251941	5251941	whitebritish
3083637	3083637	whitebritish
3527060	3527060	whitebritish
3768372	3768372	whitebritish
4639866	4639866	whitebritish
1908499	1908499	whitebritish
4696366	4696366	whitebritish
3619940	3619940	whitebritish
4235265	4235265	whitebritish
5001191	5001191	whitebritish
4018346	4018346	whitebritish
1668604	1668604	whitebritish
1126721	1126721	whitebritish
2834884	2834884	whitebritish
4716375	4716375	whitebritish
3118607	3118607	whitebritish
1115869	1115869	whitebritish
2094087	2094087	whitebritish
4658513	4658513	whitebritish
1027119	1027119	whitebritish
1397689	1397689	whitebritish
5250826	5250826	whitebritish
3545672	3545672	whitebritish
1138615	1138615	whitebritish
2466029	2466029	whitebritish
1820711	1820711	whitebritish
2534649	2534649	whitebritish
3360251	3360251	whitebritish
5338291	5338291	whitebritish
1362116	1362116	whitebritish
5495461	5495461	whitebritish
5739778	5739778	whitebritish
3568797	3568797	whitebritish
5198466	5198466	whitebritish
5986991	5986991	whitebritish
1350145	1350145	whitebritish
5748626	5748626	whitebritish
4484211	4484211	whitebritish
1853602	1853602	whitebritish
4895821	4895821	whitebritish
2072908	2072908	whitebritish
3174218	3174218	whitebritish
4121225	4121225	whitebritish
2060074	2060074	whitebritish
2164710	2164710	whitebritish
5965549	5965549	whitebritish
3014850	3014850	whitebritish
4282833	4282833	whitebritish
1162601	1162601	whitebritish
3209850	3209850	whitebritish
5883018	5883018	whitebritish
5942274	5942274	whitebritish
2556799	2556799	whitebritish
5166360	5166360	whitebritish
1761157	1761157	whitebritish
5583668	5583668	whitebritish
1337858	1337858	whitebritish
2413083	2413083	whitebritish
3469701	3469701	whitebritish
4943022	4943022	whitebritish
3198220	3198220	whitebritish
4530586	4530586	whitebritish
3105321	3105321	whitebritish
4672153	4672153	whitebritish
1578650	1578650	whitebritish
1345291	1345291	whitebritish
3408739	3408739	whitebritish
2526695	2526695	whitebritish
1616664	1616664	whitebritish
3159591	3159591	whitebritish
4838827	4838827	whitebritish
1977363	1977363	whitebritish
5771260	5771260	whitebritish
2494025	2494025	whitebritish
5256247	5256247	whitebritish
4066169	4066169	whitebritish
2567862	2567862	whitebritish
5677902	5677902	whitebritish
3721999	3721999	whitebritish
3847606	3847606	whitebritish
3582917	3582917	whitebritish
5809844	5809844	whitebritish
1346636	1346636	whitebritish
5523604	5523604	whitebritish
2804553	2804553	whitebritish
2225158	2225158	whitebritish
4114951	4114951	whitebritish
4810311	4810311	whitebritish
2491189	2491189	whitebritish
2685543	2685543	whitebritish
1108196	1108196	whitebritish
2358009	2358009	whitebritish
1908919	1908919	whitebritish
3783884	3783884	whitebritish
3223568	3223568	whitebritish
5566068	5566068	whitebritish
5348317	5348317	whitebritish
2711949	2711949	whitebritish
1863614	1863614	whitebritish
5611088	5611088	whitebritish
1283373	1283373	whitebritish
4498297	4498297	whitebritish
5294899	5294899	whitebritish
1515211	1515211	whitebritish
2411013	2411013	whitebritish
2037569	2037569	whitebritish
4813958	4813958	whitebritish
4657995	4657995	whitebritish
1923694	1923694	whitebritish
4222812	4222812	whitebritish
4002111	4002111	whitebritish
2258962	2258962	whitebritish
2141969	2141969	whitebritish
1616751	1616751	whitebritish
4717756	4717756	whitebritish
3031989	3031989	whitebritish
1005827	1005827	whitebritish
4793850	4793850	whitebritish
4327801	4327801	whitebritish
3790685	3790685	whitebritish
1260049	1260049	whitebritish
2942980	2942980	whitebritish
3535599	3535599	whitebritish
5632851	5632851	whitebritish
2430870	2430870	whitebritish
2940921	2940921	whitebritish
2968448	2968448	whitebritish
2254147	2254147	whitebritish
2084547	2084547	whitebritish
1489840	1489840	whitebritish
1008805	1008805	whitebritish
4016665	4016665	whitebritish
1028137	1028137	whitebritish
1231097	1231097	whitebritish
5242528	5242528	whitebritish
5868997	5868997	whitebritish
1521617	1521617	whitebritish
2768216	2768216	whitebritish
3879893	3879893	whitebritish
1012077	1012077	whitebritish
2521703	2521703	whitebritish
2869037	2869037	whitebritish
5951820	5951820	whitebritish
2649943	2649943	whitebritish
2472951	2472951	whitebritish
1644639	1644639	whitebritish
2906782	2906782	whitebritish
3002169	3002169	whitebritish
1612975	1612975	whitebritish
5514864	5514864	whitebritish
3344093	3344093	whitebritish
2720073	2720073	whitebritish
1004178	1004178	whitebritish
4808899	4808899	whitebritish
5993157	5993157	whitebritish
5524412	5524412	whitebritish
4493605	4493605	whitebritish
4015991	4015991	whitebritish
1077136	1077136	whitebritish
5860893	5860893	whitebritish
2314722	2314722	whitebritish
1046572	1046572	whitebritish
5612242	5612242	whitebritish
5143984	5143984	whitebritish
1587994	1587994	whitebritish
5349450	5349450	whitebritish
2767761	2767761	whitebritish
2689961	2689961	whitebritish
5353234	5353234	whitebritish
4540229	4540229	whitebritish
5825746	5825746	whitebritish
3440573	3440573	whitebritish
2734899	2734899	whitebritish
1918425	1918425	whitebritish
1125901	1125901	whitebritish
4549372	4549372	whitebritish
5375415	5375415	whitebritish
2397011	2397011	whitebritish
1903595	1903595	whitebritish
5684685	5684685	whitebritish
5434100	5434100	whitebritish
1960655	1960655	whitebritish
4254756	4254756	whitebritish
2663192	2663192	whitebritish
2657443	2657443	whitebritish
2065563	2065563	whitebritish
2894454	2894454	whitebritish
1673961	1673961	whitebritish
1403506	1403506	whitebritish
4975327	4975327	whitebritish
4900416	4900416	whitebritish
4523564	4523564	whitebritish
4721360	4721360	whitebritish
3919775	3919775	whitebritish
2497666	2497666	whitebritish
5904200	5904200	whitebritish
5057647	5057647	whitebritish
2095287	2095287	whitebritish
3122839	3122839	whitebritish
3365824	3365824	whitebritish
3034089	3034089	whitebritish
3125066	3125066	whitebritish
4582372	4582372	whitebritish
4889891	4889891	whitebritish
3008135	3008135	whitebritish
5293975	5293975	whitebritish
2521529	2521529	whitebritish
1741035	1741035	whitebritish
4662372	4662372	whitebritish
5184287	5184287	whitebritish
3412426	3412426	whitebritish
5499186	5499186	whitebritish
1131291	1131291	whitebritish
1622735	1622735	whitebritish
3057162	3057162	whitebritish
4458088	4458088	whitebritish
5568871	5568871	whitebritish
4533761	4533761	whitebritish
3263301	3263301	whitebritish
1385804	1385804	whitebritish
5749870	5749870	whitebritish
1613822	1613822	whitebritish
5026216	5026216	whitebritish
4918174	4918174	whitebritish
1451488	1451488	whitebritish
1585307	1585307	whitebritish
2012909	2012909	whitebritish
5311941	5311941	whitebritish
1867077	1867077	whitebritish
2615730	2615730	whitebritish
5727790	5727790	whitebritish
4294039	4294039	whitebritish
3965214	3965214	whitebritish
3846624	3846624	whitebritish
3312441	3312441	whitebritish
5458388	5458388	whitebritish
2492366	2492366	whitebritish
5615856	5615856	whitebritish
3944896	3944896	whitebritish
2701543	2701543	whitebritish
3042688	3042688	whitebritish
5230528	5230528	whitebritish
3271072	3271072	whitebritish
3747171	3747171	whitebritish
5089811	5089811	whitebritish
5760747	5760747	whitebritish
2665952	2665952	whitebritish
4115242	4115242	whitebritish
2859138	2859138	whitebritish
3035881	3035881	whitebritish
2775267	2775267	whitebritish
2222750	2222750	whitebritish
1789894	1789894	whitebritish
2062935	2062935	whitebritish
5107238	5107238	whitebritish
1677581	1677581	whitebritish
1648903	1648903	whitebritish
5475241	5475241	whitebritish
3577238	3577238	whitebritish
4356022	4356022	whitebritish
2608750	2608750	whitebritish
2751151	2751151	whitebritish
5859447	5859447	whitebritish
3745615	3745615	whitebritish
1409902	1409902	whitebritish
5299627	5299627	whitebritish
2327028	2327028	whitebritish
3058335	3058335	whitebritish
4831359	4831359	whitebritish
4380076	4380076	whitebritish
4320366	4320366	whitebritish
5884982	5884982	whitebritish
5426870	5426870	whitebritish
5527053	5527053	whitebritish
1591521	1591521	whitebritish
1283636	1283636	whitebritish
1602657	1602657	whitebritish
2484809	2484809	whitebritish
3225682	3225682	whitebritish
1840608	1840608	whitebritish
2942355	2942355	whitebritish
1461337	1461337	whitebritish
3646779	3646779	whitebritish
5840746	5840746	whitebritish
4509050	4509050	whitebritish
1894401	1894401	whitebritish
2974962	2974962	whitebritish
3064352	3064352	whitebritish
1482874	1482874	whitebritish
3134266	3134266	whitebritish
2401504	2401504	whitebritish
4153152	4153152	whitebritish
5069132	5069132	whitebritish
3065847	3065847	whitebritish
4757856	4757856	whitebritish
3209475	3209475	whitebritish
1041617	1041617	whitebritish
2248549	2248549	whitebritish
4924219	4924219	whitebritish
2165880	2165880	whitebritish
1901485	1901485	whitebritish
4875544	4875544	whitebritish
1679119	1679119	whitebritish
1074316	1074316	whitebritish
3084459	3084459	whitebritish
3604134	3604134	whitebritish
1194332	1194332	whitebritish
5555279	5555279	whitebritish
5500248	5500248	whitebritish
4522145	4522145	whitebritish
2471419	2471419	whitebritish
1560917	1560917	whitebritish
1187299	1187299	whitebritish
2002509	2002509	whitebritish
4002686	4002686	whitebritish
1905062	1905062	whitebritish
3173724	3173724	whitebritish
3517071	3517071	whitebritish
5123917	5123917	whitebritish
2352763	2352763	whitebritish
2723743	2723743	whitebritish
4409236	4409236	whitebritish
6004341	6004341	whitebritish
5676685	5676685	whitebritish
1003890	1003890	whitebritish
3012961	3012961	whitebritish
5843394	5843394	whitebritish
2069711	2069711	whitebritish
4212396	4212396	whitebritish
1166521	1166521	whitebritish
5748735	5748735	whitebritish
4065894	4065894	whitebritish
4217309	4217309	whitebritish
3800581	3800581	whitebritish
1179905	1179905	whitebritish
2301296	2301296	whitebritish
1510768	1510768	whitebritish
2901514	2901514	whitebritish
4498386	4498386	whitebritish
4832197	4832197	whitebritish
4157974	4157974	whitebritish
5513656	5513656	whitebritish
3656843	3656843	whitebritish
2475482	2475482	whitebritish
4381280	4381280	whitebritish
3401512	3401512	whitebritish
4270619	4270619	whitebritish
4312761	4312761	whitebritish
2636835	2636835	whitebritish
3748467	3748467	whitebritish
3077829	3077829	whitebritish
5086204	5086204	whitebritish
1249480	1249480	whitebritish
1876737	1876737	whitebritish
3487206	3487206	whitebritish
5704427	5704427	whitebritish
2702961	2702961	whitebritish
2201103	2201103	whitebritish
3770714	3770714	whitebritish
2128487	2128487	whitebritish
1330108	1330108	whitebritish
2821646	2821646	whitebritish
2862881	2862881	whitebritish
4717116	4717116	whitebritish
4855603	4855603	whitebritish
3092405	3092405	whitebritish
1713131	1713131	whitebritish
3513513	3513513	whitebritish
2280742	2280742	whitebritish
3651676	3651676	whitebritish
3345724	3345724	whitebritish
2675120	2675120	whitebritish
2867126	2867126	whitebritish
5844014	5844014	whitebritish
4962499	4962499	whitebritish
2736395	2736395	whitebritish
5931734	5931734	whitebritish
3127123	3127123	whitebritish
5720213	5720213	whitebritish
1793082	1793082	whitebritish
4744152	4744152	whitebritish
4057385	4057385	whitebritish
2386018	2386018	whitebritish
5137631	5137631	whitebritish
2505713	2505713	whitebritish
5937941	5937941	whitebritish
1438970	1438970	whitebritish
5335226	5335226	whitebritish
3560071	3560071	whitebritish
3418335	3418335	whitebritish
2079460	2079460	whitebritish
1053133	1053133	whitebritish
4706806	4706806	whitebritish
5284470	5284470	whitebritish
4255121	4255121	whitebritish
4130603	4130603	whitebritish
3820971	3820971	whitebritish
5229002	5229002	whitebritish
1380211	1380211	whitebritish
5630890	5630890	whitebritish
5082446	5082446	whitebritish
5087305	5087305	whitebritish
5865298	5865298	whitebritish
4661466	4661466	whitebritish
3060663	3060663	whitebritish
5074963	5074963	whitebritish
4531658	4531658	whitebritish
5723385	5723385	whitebritish
2688930	2688930	whitebritish
1616903	1616903	whitebritish
1967676	1967676	whitebritish
3669171	3669171	whitebritish
4780859	4780859	whitebritish
2134716	2134716	whitebritish
4641305	4641305	whitebritish
4676365	4676365	whitebritish
5821352	5821352	whitebritish
4999821	4999821	whitebritish
5728978	5728978	whitebritish
1659703	1659703	whitebritish
4981354	4981354	whitebritish
3596888	3596888	whitebritish
2864950	2864950	whitebritish
3256745	3256745	whitebritish
5373621	5373621	whitebritish
2271078	2271078	whitebritish
3257958	3257958	whitebritish
1152550	1152550	whitebritish
3494377	3494377	whitebritish
2070400	2070400	whitebritish
2733322	2733322	whitebritish
5790010	5790010	whitebritish
5224028	5224028	whitebritish
3103332	3103332	whitebritish
3014843	3014843	whitebritish
3145192	3145192	whitebritish
2301355	2301355	whitebritish
5655116	5655116	whitebritish
5028695	5028695	whitebritish
5318841	5318841	whitebritish
1476149	1476149	whitebritish
4933583	4933583	whitebritish
1810614	1810614	whitebritish
3667957	3667957	whitebritish
4185284	4185284	whitebritish
5934849	5934849	whitebritish
6018844	6018844	whitebritish
2984091	2984091	whitebritish
2125750	2125750	whitebritish
5258911	5258911	whitebritish
3564238	3564238	whitebritish
5657169	5657169	whitebritish
5440768	5440768	whitebritish
5766299	5766299	whitebritish
1205151	1205151	whitebritish
1986565	1986565	whitebritish
1687517	1687517	whitebritish
1238452	1238452	whitebritish
5260537	5260537	whitebritish
4986899	4986899	whitebritish
2951667	2951667	whitebritish
4824383	4824383	whitebritish
5800897	5800897	whitebritish
5857880	5857880	whitebritish
5706368	5706368	whitebritish
3336325	3336325	whitebritish
4836041	4836041	whitebritish
5379135	5379135	whitebritish
3501554	3501554	whitebritish
5057581	5057581	whitebritish
1549885	1549885	whitebritish
5165597	5165597	whitebritish
2764935	2764935	whitebritish
4575336	4575336	whitebritish
2996011	2996011	whitebritish
2628725	2628725	whitebritish
1183863	1183863	whitebritish
5956305	5956305	whitebritish
3485856	3485856	whitebritish
3214173	3214173	whitebritish
1940054	1940054	whitebritish
3496585	3496585	whitebritish
4526138	4526138	whitebritish
5676467	5676467	whitebritish
2519446	2519446	whitebritish
3373514	3373514	whitebritish
3509311	3509311	whitebritish
3149342	3149342	whitebritish
3282027	3282027	whitebritish
2486388	2486388	whitebritish
3665383	3665383	whitebritish
5310482	5310482	whitebritish
2021714	2021714	whitebritish
5770139	5770139	whitebritish
4071095	4071095	whitebritish
5538797	5538797	whitebritish
3828812	3828812	whitebritish
1440855	1440855	whitebritish
6008127	6008127	whitebritish
5860752	5860752	whitebritish
3457844	3457844	whitebritish
3025672	3025672	whitebritish
5518978	5518978	whitebritish
5911262	5911262	whitebritish
1334292	1334292	whitebritish
4204736	4204736	whitebritish
5939512	5939512	whitebritish
4552203	4552203	whitebritish
1965223	1965223	whitebritish
4140704	4140704	whitebritish
4471666	4471666	whitebritish
5137640	5137640	whitebritish
3711923	3711923	whitebritish
4836815	4836815	whitebritish
3051385	3051385	whitebritish
4139971	4139971	whitebritish
5483067	5483067	whitebritish
3677296	3677296	whitebritish
1147490	1147490	whitebritish
1153589	1153589	whitebritish
1895435	1895435	whitebritish
5996284	5996284	whitebritish
2832843	2832843	whitebritish
2328134	2328134	whitebritish
4228021	4228021	whitebritish
4231697	4231697	whitebritish
1440824	1440824	whitebritish
1524265	1524265	whitebritish
1723808	1723808	whitebritish
1106153	1106153	whitebritish
1416480	1416480	whitebritish
2697882	2697882	whitebritish
2085819	2085819	whitebritish
2426646	2426646	whitebritish
1991572	1991572	whitebritish
1322363	1322363	whitebritish
1033572	1033572	whitebritish
3161900	3161900	whitebritish
5778542	5778542	whitebritish
1606425	1606425	whitebritish
5611561	5611561	whitebritish
1630723	1630723	whitebritish
4748831	4748831	whitebritish
2533217	2533217	whitebritish
2436585	2436585	whitebritish
5637752	5637752	whitebritish
4407676	4407676	whitebritish
1630277	1630277	whitebritish
1973178	1973178	whitebritish
2877451	2877451	whitebritish
1428055	1428055	whitebritish
3336935	3336935	whitebritish
1028573	1028573	whitebritish
2223278	2223278	whitebritish
5926743	5926743	whitebritish
5700342	5700342	whitebritish
4384018	4384018	whitebritish
3359336	3359336	whitebritish
4530431	4530431	whitebritish
5285025	5285025	whitebritish
4872023	4872023	whitebritish
2553086	2553086	whitebritish
1094415	1094415	whitebritish
5271434	5271434	whitebritish
4008033	4008033	whitebritish
4540338	4540338	whitebritish
5437689	5437689	whitebritish
1951557	1951557	whitebritish
2152832	2152832	whitebritish
4878812	4878812	whitebritish
5984296	5984296	whitebritish
5025563	5025563	whitebritish
2837327	2837327	whitebritish
3909867	3909867	whitebritish
1229512	1229512	whitebritish
5569479	5569479	whitebritish
4058695	4058695	whitebritish
2278085	2278085	whitebritish
5802367	5802367	whitebritish
2824273	2824273	whitebritish
4080976	4080976	whitebritish
3172438	3172438	whitebritish
4475973	4475973	whitebritish
3167901	3167901	whitebritish
1936699	1936699	whitebritish
4126319	4126319	whitebritish
3485577	3485577	whitebritish
2610402	2610402	whitebritish
1735327	1735327	whitebritish
4706753	4706753	whitebritish
1381595	1381595	whitebritish
1491358	1491358	whitebritish
2075905	2075905	whitebritish
1101073	1101073	whitebritish
1662183	1662183	whitebritish
4918784	4918784	whitebritish
5429881	5429881	whitebritish
2524175	2524175	whitebritish
2721176	2721176	whitebritish
2305559	2305559	whitebritish
1361345	1361345	whitebritish
3277186	3277186	whitebritish
4224113	4224113	whitebritish
1923737	1923737	whitebritish
1981981	1981981	whitebritish
2647343	2647343	whitebritish
1500839	1500839	whitebritish
4765180	4765180	whitebritish
5999996	5999996	whitebritish
1499070	1499070	whitebritish
3018522	3018522	whitebritish
4208691	4208691	whitebritish
1587055	1587055	whitebritish
6015200	6015200	whitebritish
2347354	2347354	whitebritish
4924700	4924700	whitebritish
1587283	1587283	whitebritish
4354232	4354232	whitebritish
1454616	1454616	whitebritish
4109425	4109425	whitebritish
5496103	5496103	whitebritish
1750760	1750760	whitebritish
4503148	4503148	whitebritish
2398066	2398066	whitebritish
5177555	5177555	whitebritish
5808936	5808936	whitebritish
5899239	5899239	whitebritish
5804536	5804536	whitebritish
2465023	2465023	whitebritish
3616753	3616753	whitebritish
2623859	2623859	whitebritish
2007290	2007290	whitebritish
4745037	4745037	whitebritish
5271286	5271286	whitebritish
4427536	4427536	whitebritish
5524803	5524803	whitebritish
3595126	3595126	whitebritish
2988923	2988923	whitebritish
2936559	2936559	whitebritish
1652053	1652053	whitebritish
4081428	4081428	whitebritish
1122367	1122367	whitebritish
2389996	2389996	whitebritish
1441347	1441347	whitebritish
4224031	4224031	whitebritish
4063283	4063283	whitebritish
4662417	4662417	whitebritish
4874538	4874538	whitebritish
5574648	5574648	whitebritish
5818240	5818240	whitebritish
5365442	5365442	whitebritish
5269931	5269931	whitebritish
5309742	5309742	whitebritish
2425874	2425874	whitebritish
5410777	5410777	whitebritish
2010941	2010941	whitebritish
3877177	3877177	whitebritish
3390959	3390959	whitebritish
5907438	5907438	whitebritish
5415530	5415530	whitebritish
2807227	2807227	whitebritish
3142315	3142315	whitebritish
2935941	2935941	whitebritish
1250815	1250815	whitebritish
4385556	4385556	whitebritish
1405528	1405528	whitebritish
5429916	5429916	whitebritish
5727427	5727427	whitebritish
5512156	5512156	whitebritish
2098742	2098742	whitebritish
1236444	1236444	whitebritish
1323108	1323108	whitebritish
5381310	5381310	whitebritish
3770107	3770107	whitebritish
1043912	1043912	whitebritish
3170022	3170022	whitebritish
4923109	4923109	whitebritish
5030196	5030196	whitebritish
1826792	1826792	whitebritish
2706490	2706490	whitebritish
4488151	4488151	whitebritish
5685111	5685111	whitebritish
5509484	5509484	whitebritish
3230683	3230683	whitebritish
1982147	1982147	whitebritish
4945729	4945729	whitebritish
4366931	4366931	whitebritish
4252162	4252162	whitebritish
5951786	5951786	whitebritish
5108065	5108065	whitebritish
3172975	3172975	whitebritish
4196969	4196969	whitebritish
3068148	3068148	whitebritish
5206049	5206049	whitebritish
3451069	3451069	whitebritish
4978652	4978652	whitebritish
4910624	4910624	whitebritish
3877320	3877320	whitebritish
4670227	4670227	whitebritish
5307421	5307421	whitebritish
2662974	2662974	whitebritish
4177076	4177076	whitebritish
2202427	2202427	whitebritish
1060707	1060707	whitebritish
3841924	3841924	whitebritish
2878480	2878480	whitebritish
2607644	2607644	whitebritish
3068065	3068065	whitebritish
3414750	3414750	whitebritish
4545858	4545858	whitebritish
3552327	3552327	whitebritish
5910251	5910251	whitebritish
5161996	5161996	whitebritish
3220756	3220756	whitebritish
4471871	4471871	whitebritish
3829943	3829943	whitebritish
4812431	4812431	whitebritish
3199022	3199022	whitebritish
3352275	3352275	whitebritish
6000338	6000338	whitebritish
3018864	3018864	whitebritish
3753293	3753293	whitebritish
1938966	1938966	whitebritish
5013720	5013720	whitebritish
3815577	3815577	whitebritish
1809668	1809668	whitebritish
4965762	4965762	whitebritish
4635164	4635164	whitebritish
4564217	4564217	whitebritish
5245917	5245917	whitebritish
4262949	4262949	whitebritish
1740644	1740644	whitebritish
4035646	4035646	whitebritish
4761244	4761244	whitebritish
1324759	1324759	whitebritish
5317343	5317343	whitebritish
2401899	2401899	whitebritish
4959468	4959468	whitebritish
2839462	2839462	whitebritish
2408928	2408928	whitebritish
2144209	2144209	whitebritish
4908536	4908536	whitebritish
2968030	2968030	whitebritish
3870669	3870669	whitebritish
5434692	5434692	whitebritish
2998305	2998305	whitebritish
4671475	4671475	whitebritish
6016778	6016778	whitebritish
5975770	5975770	whitebritish
2164177	2164177	whitebritish
1329159	1329159	whitebritish
3865430	3865430	whitebritish
5830041	5830041	whitebritish
1691909	1691909	whitebritish
2795219	2795219	whitebritish
3868368	3868368	whitebritish
1789372	1789372	whitebritish
3625994	3625994	whitebritish
5255148	5255148	whitebritish
2080723	2080723	whitebritish
1915831	1915831	whitebritish
2957778	2957778	whitebritish
4381923	4381923	whitebritish
2681696	2681696	whitebritish
3903074	3903074	whitebritish
3196229	3196229	whitebritish
2120642	2120642	whitebritish
4490295	4490295	whitebritish
1743824	1743824	whitebritish
1196892	1196892	whitebritish
5492144	5492144	whitebritish
2962524	2962524	whitebritish
4994908	4994908	whitebritish
4414653	4414653	whitebritish
4032362	4032362	whitebritish
3679501	3679501	whitebritish
1641979	1641979	whitebritish
5282543	5282543	whitebritish
5962537	5962537	whitebritish
5927258	5927258	whitebritish
3311535	3311535	whitebritish
3223584	3223584	whitebritish
2618031	2618031	whitebritish
1840438	1840438	whitebritish
5088006	5088006	whitebritish
2179817	2179817	whitebritish
5663976	5663976	whitebritish
2864106	2864106	whitebritish
3865763	3865763	whitebritish
3009089	3009089	whitebritish
1359073	1359073	whitebritish
4082899	4082899	whitebritish
2226018	2226018	whitebritish
5765838	5765838	whitebritish
2183213	2183213	whitebritish
1312689	1312689	whitebritish
3690079	3690079	whitebritish
2781215	2781215	whitebritish
1824671	1824671	whitebritish
2927057	2927057	whitebritish
2104280	2104280	whitebritish
1979270	1979270	whitebritish
2177902	2177902	whitebritish
4514573	4514573	whitebritish
2642587	2642587	whitebritish
1702301	1702301	whitebritish
1603793	1603793	whitebritish
5162718	5162718	whitebritish
2331371	2331371	whitebritish
4982717	4982717	whitebritish
2763678	2763678	whitebritish
5739225	5739225	whitebritish
2828008	2828008	whitebritish
1257111	1257111	whitebritish
2529076	2529076	whitebritish
4091079	4091079	whitebritish
4701159	4701159	whitebritish
1645843	1645843	whitebritish
4992949	4992949	whitebritish
3965419	3965419	whitebritish
5793252	5793252	whitebritish
3428824	3428824	whitebritish
5039656	5039656	whitebritish
1695159	1695159	whitebritish
5349385	5349385	whitebritish
3258045	3258045	whitebritish
4017825	4017825	whitebritish
3033476	3033476	whitebritish
2531761	2531761	whitebritish
2755146	2755146	whitebritish
4209172	4209172	whitebritish
6023046	6023046	whitebritish
6013782	6013782	whitebritish
5209462	5209462	whitebritish
5584025	5584025	whitebritish
4643610	4643610	whitebritish
4064932	4064932	whitebritish
3068544	3068544	whitebritish
1695010	1695010	whitebritish
4213138	4213138	whitebritish
3772504	3772504	whitebritish
5673754	5673754	whitebritish
3681111	3681111	whitebritish
2841816	2841816	whitebritish
2148017	2148017	whitebritish
2605113	2605113	whitebritish
5293639	5293639	whitebritish
2394503	2394503	whitebritish
3828380	3828380	whitebritish
2555484	2555484	whitebritish
1219012	1219012	whitebritish
2030629	2030629	whitebritish
4438143	4438143	whitebritish
5074413	5074413	whitebritish
2397541	2397541	whitebritish
3117084	3117084	whitebritish
3971458	3971458	whitebritish
2935162	2935162	whitebritish
5944466	5944466	whitebritish
1378702	1378702	whitebritish
1362437	1362437	whitebritish
6008760	6008760	whitebritish
2712698	2712698	whitebritish
3406029	3406029	whitebritish
5222728	5222728	whitebritish
4839330	4839330	whitebritish
3543535	3543535	whitebritish
4836901	4836901	whitebritish
6004801	6004801	whitebritish
3359458	3359458	whitebritish
1586029	1586029	whitebritish
4769929	4769929	whitebritish
4723399	4723399	whitebritish
5616382	5616382	whitebritish
3741505	3741505	whitebritish
6010376	6010376	whitebritish
3176605	3176605	whitebritish
3643075	3643075	whitebritish
4927397	4927397	whitebritish
3310903	3310903	whitebritish
2079128	2079128	whitebritish
5075446	5075446	whitebritish
1082646	1082646	whitebritish
2279645	2279645	whitebritish
4546414	4546414	whitebritish
5440375	5440375	whitebritish
4862789	4862789	whitebritish
1308844	1308844	whitebritish
2472258	2472258	whitebritish
3343685	3343685	whitebritish
1649331	1649331	whitebritish
4854799	4854799	whitebritish
2842329	2842329	whitebritish
1248856	1248856	whitebritish
4989358	4989358	whitebritish
3698867	3698867	whitebritish
3673978	3673978	whitebritish
5972545	5972545	whitebritish
1658268	1658268	whitebritish
4539931	4539931	whitebritish
1763496	1763496	whitebritish
5894123	5894123	whitebritish
3621095	3621095	whitebritish
4024010	4024010	whitebritish
2500907	2500907	whitebritish
3791043	3791043	whitebritish
1229314	1229314	whitebritish
2650680	2650680	whitebritish
3083259	3083259	whitebritish
5776764	5776764	whitebritish
4481948	4481948	whitebritish
1756303	1756303	whitebritish
4094350	4094350	whitebritish
5836940	5836940	whitebritish
5015781	5015781	whitebritish
5640827	5640827	whitebritish
3014556	3014556	whitebritish
2857475	2857475	whitebritish
3796492	3796492	whitebritish
1305772	1305772	whitebritish
2671117	2671117	whitebritish
4625177	4625177	whitebritish
2730047	2730047	whitebritish
5840579	5840579	whitebritish
4137699	4137699	whitebritish
4700628	4700628	whitebritish
3396567	3396567	whitebritish
3180601	3180601	whitebritish
2778147	2778147	whitebritish
5380227	5380227	whitebritish
3675927	3675927	whitebritish
1656864	1656864	whitebritish
3296718	3296718	whitebritish
2529860	2529860	whitebritish
5300333	5300333	whitebritish
5058690	5058690	whitebritish
2839846	2839846	whitebritish
2379722	2379722	whitebritish
1460261	1460261	whitebritish
4625881	4625881	whitebritish
3981068	3981068	whitebritish
2116725	2116725	whitebritish
2615233	2615233	whitebritish
4440813	4440813	whitebritish
5538464	5538464	whitebritish
6001265	6001265	whitebritish
1717914	1717914	whitebritish
2326277	2326277	whitebritish
1600217	1600217	whitebritish
1874698	1874698	whitebritish
1339607	1339607	whitebritish
1799472	1799472	whitebritish
4573626	4573626	whitebritish
5138133	5138133	whitebritish
5770968	5770968	whitebritish
1557367	1557367	whitebritish
2664926	2664926	whitebritish
2121207	2121207	whitebritish
3514838	3514838	whitebritish
2172250	2172250	whitebritish
1528913	1528913	whitebritish
5685545	5685545	whitebritish
4910330	4910330	whitebritish
5231376	5231376	whitebritish
5933872	5933872	whitebritish
3390638	3390638	whitebritish
2765576	2765576	whitebritish
4374043	4374043	whitebritish
2465753	2465753	whitebritish
3837745	3837745	whitebritish
4531106	4531106	whitebritish
1842752	1842752	whitebritish
4328397	4328397	whitebritish
2572309	2572309	whitebritish
2727417	2727417	whitebritish
2279927	2279927	whitebritish
4839384	4839384	whitebritish
2258276	2258276	whitebritish
5266425	5266425	whitebritish
2698713	2698713	whitebritish
4171502	4171502	whitebritish
4226708	4226708	whitebritish
1066853	1066853	whitebritish
3741902	3741902	whitebritish
1522124	1522124	whitebritish
4846767	4846767	whitebritish
1163145	1163145	whitebritish
5432271	5432271	whitebritish
5714453	5714453	whitebritish
1612483	1612483	whitebritish
3055490	3055490	whitebritish
1533596	1533596	whitebritish
5040403	5040403	whitebritish
5264407	5264407	whitebritish
1139097	1139097	whitebritish
5677564	5677564	whitebritish
3243991	3243991	whitebritish
4546905	4546905	whitebritish
4088769	4088769	whitebritish
3967235	3967235	whitebritish
2521083	2521083	whitebritish
3250924	3250924	whitebritish
5517114	5517114	whitebritish
4608659	4608659	whitebritish
2466324	2466324	whitebritish
2531905	2531905	whitebritish
5080280	5080280	whitebritish
4199072	4199072	whitebritish
3907061	3907061	whitebritish
2094297	2094297	whitebritish
4947337	4947337	whitebritish
3642913	3642913	whitebritish
3455294	3455294	whitebritish
4605476	4605476	whitebritish
3760177	3760177	whitebritish
3158074	3158074	whitebritish
3681751	3681751	whitebritish
4773438	4773438	whitebritish
3525720	3525720	whitebritish
4920786	4920786	whitebritish
5269619	5269619	whitebritish
3414309	3414309	whitebritish
2471015	2471015	whitebritish
5801738	5801738	whitebritish
2434592	2434592	whitebritish
2843925	2843925	whitebritish
1940752	1940752	whitebritish
1928464	1928464	whitebritish
2717091	2717091	whitebritish
3312940	3312940	whitebritish
1383075	1383075	whitebritish
1077270	1077270	whitebritish
4825233	4825233	whitebritish
2094939	2094939	whitebritish
4901660	4901660	whitebritish
2399971	2399971	whitebritish
4470925	4470925	whitebritish
5046120	5046120	whitebritish
1046023	1046023	whitebritish
5831532	5831532	whitebritish
1644101	1644101	whitebritish
3764955	3764955	whitebritish
2899931	2899931	whitebritish
3632283	3632283	whitebritish
3620317	3620317	whitebritish
4761505	4761505	whitebritish
1814173	1814173	whitebritish
4375898	4375898	whitebritish
2406536	2406536	whitebritish
5623333	5623333	whitebritish
2144982	2144982	whitebritish
1884273	1884273	whitebritish
4257053	4257053	whitebritish
3304129	3304129	whitebritish
5831014	5831014	whitebritish
4595643	4595643	whitebritish
5825994	5825994	whitebritish
5894648	5894648	whitebritish
4972763	4972763	whitebritish
5413031	5413031	whitebritish
2368443	2368443	whitebritish
3123985	3123985	whitebritish
2884461	2884461	whitebritish
5759750	5759750	whitebritish
1585847	1585847	whitebritish
3395618	3395618	whitebritish
2295919	2295919	whitebritish
3671018	3671018	whitebritish
5144262	5144262	whitebritish
3903418	3903418	whitebritish
3856505	3856505	whitebritish
1613139	1613139	whitebritish
5114604	5114604	whitebritish
2594059	2594059	whitebritish
4920650	4920650	whitebritish
2737757	2737757	whitebritish
1888768	1888768	whitebritish
5709649	5709649	whitebritish
4174517	4174517	whitebritish
1108842	1108842	whitebritish
4579625	4579625	whitebritish
5005986	5005986	whitebritish
1304093	1304093	whitebritish
5511306	5511306	whitebritish
5088397	5088397	whitebritish
4878909	4878909	whitebritish
2900811	2900811	whitebritish
1468012	1468012	whitebritish
1831099	1831099	whitebritish
3103501	3103501	whitebritish
4366089	4366089	whitebritish
3800491	3800491	whitebritish
2432883	2432883	whitebritish
1585741	1585741	whitebritish
3305351	3305351	whitebritish
4746766	4746766	whitebritish
1575567	1575567	whitebritish
2520127	2520127	whitebritish
2814196	2814196	whitebritish
3111612	3111612	whitebritish
1524637	1524637	whitebritish
1174073	1174073	whitebritish
1044862	1044862	whitebritish
1790650	1790650	whitebritish
5416672	5416672	whitebritish
4691205	4691205	whitebritish
1191994	1191994	whitebritish
4356105	4356105	whitebritish
2161294	2161294	whitebritish
3791454	3791454	whitebritish
5919334	5919334	whitebritish
4053603	4053603	whitebritish
1809005	1809005	whitebritish
4464765	4464765	whitebritish
1110591	1110591	whitebritish
4505182	4505182	whitebritish
5834439	5834439	whitebritish
4352588	4352588	whitebritish
5973609	5973609	whitebritish
2454830	2454830	whitebritish
4872847	4872847	whitebritish
3200445	3200445	whitebritish
2096594	2096594	whitebritish
1905322	1905322	whitebritish
4095949	4095949	whitebritish
4681472	4681472	whitebritish
1862828	1862828	whitebritish
3914762	3914762	whitebritish
1066491	1066491	whitebritish
5962881	5962881	whitebritish
2510239	2510239	whitebritish
4103519	4103519	whitebritish
2451800	2451800	whitebritish
2373423	2373423	whitebritish
4377141	4377141	whitebritish
3266116	3266116	whitebritish
3975149	3975149	whitebritish
4236144	4236144	whitebritish
1831219	1831219	whitebritish
1134851	1134851	whitebritish
1672772	1672772	whitebritish
3427117	3427117	whitebritish
2169919	2169919	whitebritish
5110427	5110427	whitebritish
2173133	2173133	whitebritish
4201864	4201864	whitebritish
2483768	2483768	whitebritish
4275268	4275268	whitebritish
5840072	5840072	whitebritish
5663372	5663372	whitebritish
3698540	3698540	whitebritish
5888437	5888437	whitebritish
4596509	4596509	whitebritish
3365453	3365453	whitebritish
1850463	1850463	whitebritish
2856209	2856209	whitebritish
4124823	4124823	whitebritish
2215504	2215504	whitebritish
3307599	3307599	whitebritish
5652826	5652826	whitebritish
2776485	2776485	whitebritish
2549522	2549522	whitebritish
3732514	3732514	whitebritish
3838444	3838444	whitebritish
2052729	2052729	whitebritish
5163867	5163867	whitebritish
3508744	3508744	whitebritish
3620501	3620501	whitebritish
4041672	4041672	whitebritish
5523657	5523657	whitebritish
5754881	5754881	whitebritish
1291151	1291151	whitebritish
3808947	3808947	whitebritish
1270331	1270331	whitebritish
1181330	1181330	whitebritish
4519643	4519643	whitebritish
3901447	3901447	whitebritish
1661676	1661676	whitebritish
4791221	4791221	whitebritish
2937698	2937698	whitebritish
5921093	5921093	whitebritish
5484138	5484138	whitebritish
2603516	2603516	whitebritish
5805037	5805037	whitebritish
2617465	2617465	whitebritish
1841934	1841934	whitebritish
1529184	1529184	whitebritish
2760562	2760562	whitebritish
2041645	2041645	whitebritish
4921630	4921630	whitebritish
2103978	2103978	whitebritish
4398497	4398497	whitebritish
4986036	4986036	whitebritish
5787293	5787293	whitebritish
1410543	1410543	whitebritish
1354793	1354793	whitebritish
5195011	5195011	whitebritish
1418972	1418972	whitebritish
1338882	1338882	whitebritish
4295208	4295208	whitebritish
3496852	3496852	whitebritish
5665312	5665312	whitebritish
5728907	5728907	whitebritish
3692800	3692800	whitebritish
4078811	4078811	whitebritish
1496838	1496838	whitebritish
1240422	1240422	whitebritish
3922080	3922080	whitebritish
1787853	1787853	whitebritish
5877556	5877556	whitebritish
4275917	4275917	whitebritish
2287209	2287209	whitebritish
2663364	2663364	whitebritish
3201109	3201109	whitebritish
4956955	4956955	whitebritish
2487434	2487434	whitebritish
1499616	1499616	whitebritish
2942720	2942720	whitebritish
1102394	1102394	whitebritish
2414821	2414821	whitebritish
5947021	5947021	whitebritish
1976992	1976992	whitebritish
2933068	2933068	whitebritish
2278806	2278806	whitebritish
3913046	3913046	whitebritish
3122279	3122279	whitebritish
2479178	2479178	whitebritish
4779285	4779285	whitebritish
2801239	2801239	whitebritish
4974683	4974683	whitebritish
2218196	2218196	whitebritish
1191010	1191010	whitebritish
3478624	3478624	whitebritish
3460860	3460860	whitebritish
1550212	1550212	whitebritish
3823371	3823371	whitebritish
4535925	4535925	whitebritish
3778293	3778293	whitebritish
3613351	3613351	whitebritish
2399466	2399466	whitebritish
2146246	2146246	whitebritish
2477095	2477095	whitebritish
1742747	1742747	whitebritish
4790686	4790686	whitebritish
4504678	4504678	whitebritish
4618990	4618990	whitebritish
2300346	2300346	whitebritish
5961580	5961580	whitebritish
1592442	1592442	whitebritish
4166819	4166819	whitebritish
4244137	4244137	whitebritish
4663506	4663506	whitebritish
3669341	3669341	whitebritish
1223985	1223985	whitebritish
3108364	3108364	whitebritish
1018467	1018467	whitebritish
2920903	2920903	whitebritish
5842976	5842976	whitebritish
5213852	5213852	whitebritish
1443396	1443396	whitebritish
5246041	5246041	whitebritish
2271272	2271272	whitebritish
1055107	1055107	whitebritish
4466407	4466407	whitebritish
5086952	5086952	whitebritish
3162539	3162539	whitebritish
5969355	5969355	whitebritish
4815291	4815291	whitebritish
3725339	3725339	whitebritish
4759652	4759652	whitebritish
2377588	2377588	whitebritish
3327379	3327379	whitebritish
1687020	1687020	whitebritish
2031100	2031100	whitebritish
2240960	2240960	whitebritish
5640155	5640155	whitebritish
1874924	1874924	whitebritish
1965627	1965627	whitebritish
4627525	4627525	whitebritish
4267620	4267620	whitebritish
1921885	1921885	whitebritish
2183339	2183339	whitebritish
5487035	5487035	whitebritish
1714818	1714818	whitebritish
2179054	2179054	whitebritish
3695276	3695276	whitebritish
3010255	3010255	whitebritish
1345236	1345236	whitebritish
3378062	3378062	whitebritish
4402837	4402837	whitebritish
2024515	2024515	whitebritish
4521624	4521624	whitebritish
4271890	4271890	whitebritish
5620906	5620906	whitebritish
2690448	2690448	whitebritish
2395489	2395489	whitebritish
3316697	3316697	whitebritish
2042050	2042050	whitebritish
5642984	5642984	whitebritish
1253126	1253126	whitebritish
5520938	5520938	whitebritish
5013400	5013400	whitebritish
2886969	2886969	whitebritish
4108736	4108736	whitebritish
1099770	1099770	whitebritish
1627454	1627454	whitebritish
2718309	2718309	whitebritish
2754737	2754737	whitebritish
4894378	4894378	whitebritish
5272260	5272260	whitebritish
1942666	1942666	whitebritish
2728415	2728415	whitebritish
3374014	3374014	whitebritish
1746189	1746189	whitebritish
1845506	1845506	whitebritish
1368052	1368052	whitebritish
3386154	3386154	whitebritish
2461042	2461042	whitebritish
1004747	1004747	whitebritish
4901105	4901105	whitebritish
3981189	3981189	whitebritish
4475553	4475553	whitebritish
3726822	3726822	whitebritish
4137586	4137586	whitebritish
1319503	1319503	whitebritish
2409201	2409201	whitebritish
4902426	4902426	whitebritish
1877090	1877090	whitebritish
3870744	3870744	whitebritish
2276161	2276161	whitebritish
5822742	5822742	whitebritish
1358828	1358828	whitebritish
1051869	1051869	whitebritish
1540399	1540399	whitebritish
2703244	2703244	whitebritish
3861068	3861068	whitebritish
3440527	3440527	whitebritish
4679581	4679581	whitebritish
1460074	1460074	whitebritish
4963254	4963254	whitebritish
2370287	2370287	whitebritish
4961982	4961982	whitebritish
2247285	2247285	whitebritish
5451124	5451124	whitebritish
3809972	3809972	whitebritish
4018134	4018134	whitebritish
1760236	1760236	whitebritish
5252268	5252268	whitebritish
2810483	2810483	whitebritish
1343608	1343608	whitebritish
2648027	2648027	whitebritish
4310606	4310606	whitebritish
2465180	2465180	whitebritish
4938594	4938594	whitebritish
1161288	1161288	whitebritish
3184160	3184160	whitebritish
2386062	2386062	whitebritish
1727113	1727113	whitebritish
3144570	3144570	whitebritish
3088120	3088120	whitebritish
3448886	3448886	whitebritish
3345293	3345293	whitebritish
5236527	5236527	whitebritish
3172705	3172705	whitebritish
4981474	4981474	whitebritish
5301449	5301449	whitebritish
4744503	4744503	whitebritish
4239418	4239418	whitebritish
3968871	3968871	whitebritish
2423491	2423491	whitebritish
1762346	1762346	whitebritish
3214711	3214711	whitebritish
2776634	2776634	whitebritish
2094114	2094114	whitebritish
5928082	5928082	whitebritish
5932070	5932070	whitebritish
3880617	3880617	whitebritish
4190959	4190959	whitebritish
5216088	5216088	whitebritish
2601306	2601306	whitebritish
2405328	2405328	whitebritish
4461789	4461789	whitebritish
1228932	1228932	whitebritish
5907442	5907442	whitebritish
5029760	5029760	whitebritish
5255685	5255685	whitebritish
4677558	4677558	whitebritish
2349103	2349103	whitebritish
2656273	2656273	whitebritish
1183232	1183232	whitebritish
5184304	5184304	whitebritish
4362834	4362834	whitebritish
5662441	5662441	whitebritish
1670575	1670575	whitebritish
5133407	5133407	whitebritish
5685879	5685879	whitebritish
5278878	5278878	whitebritish
1228023	1228023	whitebritish
2865255	2865255	whitebritish
4222805	4222805	whitebritish
4851623	4851623	whitebritish
3176903	3176903	whitebritish
4369548	4369548	whitebritish
5500362	5500362	whitebritish
5936911	5936911	whitebritish
4331067	4331067	whitebritish
3188372	3188372	whitebritish
3549510	3549510	whitebritish
2845610	2845610	whitebritish
3183349	3183349	whitebritish
5801089	5801089	whitebritish
1049678	1049678	whitebritish
1711114	1711114	whitebritish
5782633	5782633	whitebritish
5836464	5836464	whitebritish
2649024	2649024	whitebritish
1057755	1057755	whitebritish
1869425	1869425	whitebritish
5489887	5489887	whitebritish
1490935	1490935	whitebritish
5066320	5066320	whitebritish
1197141	1197141	whitebritish
1142449	1142449	whitebritish
3663772	3663772	whitebritish
4381635	4381635	whitebritish
3550723	3550723	whitebritish
2500558	2500558	whitebritish
1634607	1634607	whitebritish
5181589	5181589	whitebritish
2590994	2590994	whitebritish
2559794	2559794	whitebritish
1223514	1223514	whitebritish
3320628	3320628	whitebritish
5622569	5622569	whitebritish
1533966	1533966	whitebritish
2077831	2077831	whitebritish
4344327	4344327	whitebritish
3676188	3676188	whitebritish
3872692	3872692	whitebritish
3084842	3084842	whitebritish
3186572	3186572	whitebritish
4883577	4883577	whitebritish
3863037	3863037	whitebritish
5135996	5135996	whitebritish
5200596	5200596	whitebritish
4164636	4164636	whitebritish
4406445	4406445	whitebritish
5641818	5641818	whitebritish
2026261	2026261	whitebritish
2651763	2651763	whitebritish
5872838	5872838	whitebritish
3503877	3503877	whitebritish
1563111	1563111	whitebritish
1833060	1833060	whitebritish
5026729	5026729	whitebritish
3071197	3071197	whitebritish
5179631	5179631	whitebritish
3191957	3191957	whitebritish
2913414	2913414	whitebritish
3551786	3551786	whitebritish
1989018	1989018	whitebritish
5496413	5496413	whitebritish
2946522	2946522	whitebritish
1891340	1891340	whitebritish
5583135	5583135	whitebritish
1585798	1585798	whitebritish
3147199	3147199	whitebritish
2274685	2274685	whitebritish
3942868	3942868	whitebritish
5909286	5909286	whitebritish
5419279	5419279	whitebritish
3396784	3396784	whitebritish
5539426	5539426	whitebritish
4778044	4778044	whitebritish
3888682	3888682	whitebritish
2967923	2967923	whitebritish
3776228	3776228	whitebritish
1129889	1129889	whitebritish
3046374	3046374	whitebritish
4268622	4268622	whitebritish
1749232	1749232	whitebritish
5357937	5357937	whitebritish
2548416	2548416	whitebritish
6018466	6018466	whitebritish
5194962	5194962	whitebritish
1607844	1607844	whitebritish
2959290	2959290	whitebritish
5407397	5407397	whitebritish
1187855	1187855	whitebritish
2814028	2814028	whitebritish
3409162	3409162	whitebritish
4463835	4463835	whitebritish
4776691	4776691	whitebritish
5549149	5549149	whitebritish
2145674	2145674	whitebritish
1509926	1509926	whitebritish
2169014	2169014	whitebritish
5100280	5100280	whitebritish
4288208	4288208	whitebritish
2135472	2135472	whitebritish
1732754	1732754	whitebritish
4809352	4809352	whitebritish
4428219	4428219	whitebritish
2249955	2249955	whitebritish
5262434	5262434	whitebritish
5204946	5204946	whitebritish
1436482	1436482	whitebritish
3344377	3344377	whitebritish
4741486	4741486	whitebritish
5763193	5763193	whitebritish
1844809	1844809	whitebritish
3833123	3833123	whitebritish
4640074	4640074	whitebritish
4489489	4489489	whitebritish
5313485	5313485	whitebritish
1858758	1858758	whitebritish
5518575	5518575	whitebritish
1901258	1901258	whitebritish
5226097	5226097	whitebritish
1402843	1402843	whitebritish
4352498	4352498	whitebritish
1273930	1273930	whitebritish
5373666	5373666	whitebritish
5393122	5393122	whitebritish
5666780	5666780	whitebritish
5407264	5407264	whitebritish
5285863	5285863	whitebritish
2974441	2974441	whitebritish
1587834	1587834	whitebritish
3911710	3911710	whitebritish
1649054	1649054	whitebritish
2982505	2982505	whitebritish
2304330	2304330	whitebritish
5710762	5710762	whitebritish
2758259	2758259	whitebritish
3368523	3368523	whitebritish
5000098	5000098	whitebritish
2454445	2454445	whitebritish
4587789	4587789	whitebritish
1042868	1042868	whitebritish
3797853	3797853	whitebritish
4485638	4485638	whitebritish
2970554	2970554	whitebritish
3190610	3190610	whitebritish
3348105	3348105	whitebritish
4468189	4468189	whitebritish
1446387	1446387	whitebritish
4152177	4152177	whitebritish
4895684	4895684	whitebritish
4511298	4511298	whitebritish
5143166	5143166	whitebritish
2492486	2492486	whitebritish
1146195	1146195	whitebritish
2868470	2868470	whitebritish
1303851	1303851	whitebritish
4278604	4278604	whitebritish
5034199	5034199	whitebritish
5729937	5729937	whitebritish
4422464	4422464	whitebritish
4740349	4740349	whitebritish
2406152	2406152	whitebritish
1477903	1477903	whitebritish
1682674	1682674	whitebritish
5529599	5529599	whitebritish
3223379	3223379	whitebritish
3542763	3542763	whitebritish
1100077	1100077	whitebritish
4525561	4525561	whitebritish
3004629	3004629	whitebritish
2018183	2018183	whitebritish
4095083	4095083	whitebritish
3352570	3352570	whitebritish
4792836	4792836	whitebritish
2479231	2479231	whitebritish
5635614	5635614	whitebritish
1914264	1914264	whitebritish
3415160	3415160	whitebritish
3618976	3618976	whitebritish
2456144	2456144	whitebritish
4543694	4543694	whitebritish
1193471	1193471	whitebritish
5752756	5752756	whitebritish
4270547	4270547	whitebritish
1872014	1872014	whitebritish
4089295	4089295	whitebritish
4453780	4453780	whitebritish
3096595	3096595	whitebritish
1041188	1041188	whitebritish
3411450	3411450	whitebritish
4438553	4438553	whitebritish
5738665	5738665	whitebritish
4587672	4587672	whitebritish
2551448	2551448	whitebritish
2696845	2696845	whitebritish
1590362	1590362	whitebritish
2564421	2564421	whitebritish
1333433	1333433	whitebritish
1559771	1559771	whitebritish
3102832	3102832	whitebritish
2410656	2410656	whitebritish
1929649	1929649	whitebritish
2246943	2246943	whitebritish
5864771	5864771	whitebritish
3991169	3991169	whitebritish
3313324	3313324	whitebritish
4936502	4936502	whitebritish
5102955	5102955	whitebritish
1294753	1294753	whitebritish
4610184	4610184	whitebritish
3014583	3014583	whitebritish
1671015	1671015	whitebritish
1096470	1096470	whitebritish
3735449	3735449	whitebritish
4360714	4360714	whitebritish
5552983	5552983	whitebritish
5930693	5930693	whitebritish
4843432	4843432	whitebritish
2145272	2145272	whitebritish
2230278	2230278	whitebritish
2716616	2716616	whitebritish
1737804	1737804	whitebritish
4149214	4149214	whitebritish
5338046	5338046	whitebritish
1994245	1994245	whitebritish
3314863	3314863	whitebritish
3244384	3244384	whitebritish
2056220	2056220	whitebritish
3889930	3889930	whitebritish
2103191	2103191	whitebritish
2680257	2680257	whitebritish
4908806	4908806	whitebritish
5125611	5125611	whitebritish
1178954	1178954	whitebritish
5070106	5070106	whitebritish
3224051	3224051	whitebritish
3883405	3883405	whitebritish
2744991	2744991	whitebritish
3105486	3105486	whitebritish
5565015	5565015	whitebritish
1336456	1336456	whitebritish
5224327	5224327	whitebritish
4319987	4319987	whitebritish
3041412	3041412	whitebritish
5651107	5651107	whitebritish
2490358	2490358	whitebritish
1436530	1436530	whitebritish
2391592	2391592	whitebritish
5925391	5925391	whitebritish
4994468	4994468	whitebritish
4506370	4506370	whitebritish
3017382	3017382	whitebritish
1899496	1899496	whitebritish
5552030	5552030	whitebritish
2324589	2324589	whitebritish
5613785	5613785	whitebritish
1880726	1880726	whitebritish
4924539	4924539	whitebritish
1208072	1208072	whitebritish
5608054	5608054	whitebritish
2686089	2686089	whitebritish
2857602	2857602	whitebritish
3435026	3435026	whitebritish
1462169	1462169	whitebritish
3426672	3426672	whitebritish
4792394	4792394	whitebritish
3644981	3644981	whitebritish
1800604	1800604	whitebritish
2162520	2162520	whitebritish
1712873	1712873	whitebritish
2802592	2802592	whitebritish
3994683	3994683	whitebritish
5683931	5683931	whitebritish
4209500	4209500	whitebritish
3982681	3982681	whitebritish
2507974	2507974	whitebritish
2709312	2709312	whitebritish
5940821	5940821	whitebritish
4005892	4005892	whitebritish
5123390	5123390	whitebritish
2269507	2269507	whitebritish
1499037	1499037	whitebritish
4728586	4728586	whitebritish
4967331	4967331	whitebritish
3957150	3957150	whitebritish
5329591	5329591	whitebritish
2908534	2908534	whitebritish
3821162	3821162	whitebritish
2696242	2696242	whitebritish
4904110	4904110	whitebritish
3929987	3929987	whitebritish
3735632	3735632	whitebritish
5095922	5095922	whitebritish
5997482	5997482	whitebritish
1626962	1626962	whitebritish
5968663	5968663	whitebritish
4421519	4421519	whitebritish
4351132	4351132	whitebritish
5498670	5498670	whitebritish
1893918	1893918	whitebritish
4772854	4772854	whitebritish
5918072	5918072	whitebritish
3936687	3936687	whitebritish
5105031	5105031	whitebritish
3928210	3928210	whitebritish
2395602	2395602	whitebritish
2087509	2087509	whitebritish
1612425	1612425	whitebritish
2767594	2767594	whitebritish
2588580	2588580	whitebritish
1607007	1607007	whitebritish
5520909	5520909	whitebritish
4678617	4678617	whitebritish
1509268	1509268	whitebritish
1698207	1698207	whitebritish
1411738	1411738	whitebritish
2443274	2443274	whitebritish
5648681	5648681	whitebritish
3660893	3660893	whitebritish
2547517	2547517	whitebritish
2131801	2131801	whitebritish
4517955	4517955	whitebritish
4364817	4364817	whitebritish
1474466	1474466	whitebritish
2567528	2567528	whitebritish
1589185	1589185	whitebritish
3764924	3764924	whitebritish
4677990	4677990	whitebritish
2914823	2914823	whitebritish
1360265	1360265	whitebritish
2375954	2375954	whitebritish
3061835	3061835	whitebritish
4383147	4383147	whitebritish
3361866	3361866	whitebritish
3642976	3642976	whitebritish
2413496	2413496	whitebritish
2731885	2731885	whitebritish
2170406	2170406	whitebritish
3855061	3855061	whitebritish
5606722	5606722	whitebritish
5501488	5501488	whitebritish
3677262	3677262	whitebritish
1949915	1949915	whitebritish
5661519	5661519	whitebritish
5436154	5436154	whitebritish
4837069	4837069	whitebritish
2494995	2494995	whitebritish
3693008	3693008	whitebritish
3167695	3167695	whitebritish
2833280	2833280	whitebritish
3620955	3620955	whitebritish
5608609	5608609	whitebritish
1505744	1505744	whitebritish
1694025	1694025	whitebritish
3861380	3861380	whitebritish
2178637	2178637	whitebritish
3983285	3983285	whitebritish
2862968	2862968	whitebritish
2312564	2312564	whitebritish
5009230	5009230	whitebritish
1432663	1432663	whitebritish
4353372	4353372	whitebritish
6000374	6000374	whitebritish
5312737	5312737	whitebritish
5241949	5241949	whitebritish
3515412	3515412	whitebritish
4249483	4249483	whitebritish
4778760	4778760	whitebritish
3158388	3158388	whitebritish
2463844	2463844	whitebritish
3802330	3802330	whitebritish
5662228	5662228	whitebritish
2742794	2742794	whitebritish
2792966	2792966	whitebritish
1353670	1353670	whitebritish
5699406	5699406	whitebritish
4332497	4332497	whitebritish
1259378	1259378	whitebritish
4716478	4716478	whitebritish
1701130	1701130	whitebritish
2680792	2680792	whitebritish
3083206	3083206	whitebritish
2306139	2306139	whitebritish
5671394	5671394	whitebritish
3873353	3873353	whitebritish
1377541	1377541	whitebritish
3894909	3894909	whitebritish
4622196	4622196	whitebritish
4186649	4186649	whitebritish
1368222	1368222	whitebritish
5718947	5718947	whitebritish
4295403	4295403	whitebritish
1118484	1118484	whitebritish
5990115	5990115	whitebritish
1467022	1467022	whitebritish
1427750	1427750	whitebritish
2199856	2199856	whitebritish
2013427	2013427	whitebritish
1966830	1966830	whitebritish
2469758	2469758	whitebritish
3037355	3037355	whitebritish
3583724	3583724	whitebritish
1432918	1432918	whitebritish
3007683	3007683	whitebritish
4126216	4126216	whitebritish
4282180	4282180	whitebritish
5998850	5998850	whitebritish
5150710	5150710	whitebritish
2529465	2529465	whitebritish
1290874	1290874	whitebritish
3433094	3433094	whitebritish
4698984	4698984	whitebritish
3543448	3543448	whitebritish
4401711	4401711	whitebritish
2833848	2833848	whitebritish
3348713	3348713	whitebritish
4366836	4366836	whitebritish
3187482	3187482	whitebritish
2419341	2419341	whitebritish
5379426	5379426	whitebritish
4855067	4855067	whitebritish
3265594	3265594	whitebritish
1938069	1938069	whitebritish
5421817	5421817	whitebritish
4362781	4362781	whitebritish
4578332	4578332	whitebritish
1975398	1975398	whitebritish
4125522	4125522	whitebritish
1976129	1976129	whitebritish
4922019	4922019	whitebritish
4077587	4077587	whitebritish
2716070	2716070	whitebritish
4197032	4197032	whitebritish
3651320	3651320	whitebritish
5084215	5084215	whitebritish
4905936	4905936	whitebritish
4804373	4804373	whitebritish
1994252	1994252	whitebritish
4292434	4292434	whitebritish
4023031	4023031	whitebritish
1865937	1865937	whitebritish
2498395	2498395	whitebritish
3885653	3885653	whitebritish
1144186	1144186	whitebritish
5938621	5938621	whitebritish
1971126	1971126	whitebritish
5126459	5126459	whitebritish
5513611	5513611	whitebritish
1884871	1884871	whitebritish
1947075	1947075	whitebritish
5204020	5204020	whitebritish
1952685	1952685	whitebritish
2467225	2467225	whitebritish
3552140	3552140	whitebritish
4250073	4250073	whitebritish
5332327	5332327	whitebritish
5169357	5169357	whitebritish
1126286	1126286	whitebritish
2009968	2009968	whitebritish
1700222	1700222	whitebritish
2566394	2566394	whitebritish
4937145	4937145	whitebritish
2626874	2626874	whitebritish
4255703	4255703	whitebritish
3073018	3073018	whitebritish
1537949	1537949	whitebritish
5465115	5465115	whitebritish
2353938	2353938	whitebritish
1354874	1354874	whitebritish
1731006	1731006	whitebritish
2799548	2799548	whitebritish
3112457	3112457	whitebritish
2106939	2106939	whitebritish
5786679	5786679	whitebritish
5642200	5642200	whitebritish
4816196	4816196	whitebritish
5792673	5792673	whitebritish
5658114	5658114	whitebritish
4670031	4670031	whitebritish
3227364	3227364	whitebritish
1641315	1641315	whitebritish
1655422	1655422	whitebritish
2579213	2579213	whitebritish
2077183	2077183	whitebritish
1738995	1738995	whitebritish
1592764	1592764	whitebritish
3386815	3386815	whitebritish
3888378	3888378	whitebritish
1864875	1864875	whitebritish
3768119	3768119	whitebritish
5088532	5088532	whitebritish
2486570	2486570	whitebritish
5644091	5644091	whitebritish
3003420	3003420	whitebritish
2261976	2261976	whitebritish
5626664	5626664	whitebritish
1771284	1771284	whitebritish
5269093	5269093	whitebritish
2641897	2641897	whitebritish
5598564	5598564	whitebritish
5172044	5172044	whitebritish
2686102	2686102	whitebritish
1413283	1413283	whitebritish
3533783	3533783	whitebritish
3190179	3190179	whitebritish
5434403	5434403	whitebritish
2324685	2324685	whitebritish
1253027	1253027	whitebritish
1559231	1559231	whitebritish
3494000	3494000	whitebritish
1731338	1731338	whitebritish
1845026	1845026	whitebritish
2849961	2849961	whitebritish
5652385	5652385	whitebritish
1706413	1706413	whitebritish
4390813	4390813	whitebritish
1746805	1746805	whitebritish
4942670	4942670	whitebritish
1381609	1381609	whitebritish
3589675	3589675	whitebritish
3112846	3112846	whitebritish
2533586	2533586	whitebritish
5579161	5579161	whitebritish
1947116	1947116	whitebritish
4307301	4307301	whitebritish
4724914	4724914	whitebritish
1277872	1277872	whitebritish
2081729	2081729	whitebritish
4822489	4822489	whitebritish
3801113	3801113	whitebritish
5715217	5715217	whitebritish
3891863	3891863	whitebritish
1414524	1414524	whitebritish
2197828	2197828	whitebritish
5235114	5235114	whitebritish
3874548	3874548	whitebritish
1197112	1197112	whitebritish
1140029	1140029	whitebritish
5104563	5104563	whitebritish
5529605	5529605	whitebritish
2016356	2016356	whitebritish
5993700	5993700	whitebritish
3678568	3678568	whitebritish
5518561	5518561	whitebritish
1379408	1379408	whitebritish
3617439	3617439	whitebritish
2296862	2296862	whitebritish
2965593	2965593	whitebritish
3524639	3524639	whitebritish
5651866	5651866	whitebritish
5952970	5952970	whitebritish
4231421	4231421	whitebritish
5243734	5243734	whitebritish
1650562	1650562	whitebritish
2690352	2690352	whitebritish
3269650	3269650	whitebritish
2630284	2630284	whitebritish
1309576	1309576	whitebritish
1475330	1475330	whitebritish
2713844	2713844	whitebritish
4591314	4591314	whitebritish
3192051	3192051	whitebritish
1654679	1654679	whitebritish
5282998	5282998	whitebritish
3592413	3592413	whitebritish
2856504	2856504	whitebritish
2563448	2563448	whitebritish
4659291	4659291	whitebritish
5407721	5407721	whitebritish
4235991	4235991	whitebritish
3258691	3258691	whitebritish
4565596	4565596	whitebritish
5659590	5659590	whitebritish
5646582	5646582	whitebritish
5200790	5200790	whitebritish
3219501	3219501	whitebritish
3503882	3503882	whitebritish
4278794	4278794	whitebritish
6012582	6012582	whitebritish
5520983	5520983	whitebritish
4910515	4910515	whitebritish
4780284	4780284	whitebritish
4991358	4991358	whitebritish
3879063	3879063	whitebritish
4795763	4795763	whitebritish
1224721	1224721	whitebritish
4914712	4914712	whitebritish
1515661	1515661	whitebritish
1075267	1075267	whitebritish
2249288	2249288	whitebritish
3538456	3538456	whitebritish
3965664	3965664	whitebritish
2761105	2761105	whitebritish
3409123	3409123	whitebritish
4294317	4294317	whitebritish
4888649	4888649	whitebritish
5929421	5929421	whitebritish
4407232	4407232	whitebritish
4778663	4778663	whitebritish
2446356	2446356	whitebritish
4142508	4142508	whitebritish
4783174	4783174	whitebritish
4493233	4493233	whitebritish
3976121	3976121	whitebritish
5759922	5759922	whitebritish
2328944	2328944	whitebritish
1361974	1361974	whitebritish
5174314	5174314	whitebritish
1604344	1604344	whitebritish
5705595	5705595	whitebritish
5374256	5374256	whitebritish
1565017	1565017	whitebritish
3336685	3336685	whitebritish
5450107	5450107	whitebritish
1347853	1347853	whitebritish
4016762	4016762	whitebritish
1085693	1085693	whitebritish
3424370	3424370	whitebritish
3112143	3112143	whitebritish
3560325	3560325	whitebritish
5273983	5273983	whitebritish
5409380	5409380	whitebritish
4614692	4614692	whitebritish
3646455	3646455	whitebritish
2768152	2768152	whitebritish
3794430	3794430	whitebritish
4438710	4438710	whitebritish
2079134	2079134	whitebritish
2729490	2729490	whitebritish
2240606	2240606	whitebritish
3184513	3184513	whitebritish
2562908	2562908	whitebritish
5442382	5442382	whitebritish
2524633	2524633	whitebritish
3501250	3501250	whitebritish
1954292	1954292	whitebritish
4082707	4082707	whitebritish
4098063	4098063	whitebritish
3900611	3900611	whitebritish
4541138	4541138	whitebritish
2360002	2360002	whitebritish
1072164	1072164	whitebritish
4965002	4965002	whitebritish
5714102	5714102	whitebritish
1587024	1587024	whitebritish
1894954	1894954	whitebritish
2492377	2492377	whitebritish
5212491	5212491	whitebritish
1080605	1080605	whitebritish
1691762	1691762	whitebritish
4478477	4478477	whitebritish
2204019	2204019	whitebritish
5384433	5384433	whitebritish
2552797	2552797	whitebritish
2093483	2093483	whitebritish
1362506	1362506	whitebritish
3913625	3913625	whitebritish
2202834	2202834	whitebritish
5491887	5491887	whitebritish
4324469	4324469	whitebritish
2180790	2180790	whitebritish
4096238	4096238	whitebritish
6000103	6000103	whitebritish
2352416	2352416	whitebritish
4407038	4407038	whitebritish
2420651	2420651	whitebritish
1451179	1451179	whitebritish
2566130	2566130	whitebritish
2996083	2996083	whitebritish
3794165	3794165	whitebritish
5889850	5889850	whitebritish
5202391	5202391	whitebritish
4517969	4517969	whitebritish
2841907	2841907	whitebritish
4146495	4146495	whitebritish
2578556	2578556	whitebritish
3371674	3371674	whitebritish
1944324	1944324	whitebritish
4466160	4466160	whitebritish
5680370	5680370	whitebritish
2731862	2731862	whitebritish
2921294	2921294	whitebritish
3843004	3843004	whitebritish
2572088	2572088	whitebritish
1416794	1416794	whitebritish
3435506	3435506	whitebritish
2306440	2306440	whitebritish
4417660	4417660	whitebritish
3030448	3030448	whitebritish
3197927	3197927	whitebritish
4822901	4822901	whitebritish
2135301	2135301	whitebritish
2964788	2964788	whitebritish
5017786	5017786	whitebritish
1001330	1001330	whitebritish
3574606	3574606	whitebritish
5462157	5462157	whitebritish
1201181	1201181	whitebritish
1981253	1981253	whitebritish
4065714	4065714	whitebritish
1489637	1489637	whitebritish
5314733	5314733	whitebritish
1751541	1751541	whitebritish
2985022	2985022	whitebritish
3815594	3815594	whitebritish
1385288	1385288	whitebritish
4104971	4104971	whitebritish
2521553	2521553	whitebritish
1142055	1142055	whitebritish
1601341	1601341	whitebritish
5133435	5133435	whitebritish
1608285	1608285	whitebritish
5398488	5398488	whitebritish
5522351	5522351	whitebritish
3733348	3733348	whitebritish
1193732	1193732	whitebritish
3465489	3465489	whitebritish
2202719	2202719	whitebritish
4939708	4939708	whitebritish
5563742	5563742	whitebritish
5465634	5465634	whitebritish
1801138	1801138	whitebritish
5555668	5555668	whitebritish
4513068	4513068	whitebritish
3368003	3368003	whitebritish
2318453	2318453	whitebritish
5526852	5526852	whitebritish
2974102	2974102	whitebritish
2389366	2389366	whitebritish
4973424	4973424	whitebritish
5080848	5080848	whitebritish
1556636	1556636	whitebritish
2940256	2940256	whitebritish
4695076	4695076	whitebritish
4025767	4025767	whitebritish
2273276	2273276	whitebritish
3665480	3665480	whitebritish
4608829	4608829	whitebritish
4785774	4785774	whitebritish
2011709	2011709	whitebritish
3543100	3543100	whitebritish
3772449	3772449	whitebritish
1018657	1018657	whitebritish
3743046	3743046	whitebritish
2036054	2036054	whitebritish
1570087	1570087	whitebritish
2157229	2157229	whitebritish
3192785	3192785	whitebritish
1651549	1651549	whitebritish
5977171	5977171	whitebritish
2465096	2465096	whitebritish
4030176	4030176	whitebritish
2888805	2888805	whitebritish
1155769	1155769	whitebritish
1496582	1496582	whitebritish
2626842	2626842	whitebritish
3939901	3939901	whitebritish
3003373	3003373	whitebritish
3815655	3815655	whitebritish
2424269	2424269	whitebritish
2388538	2388538	whitebritish
5314747	5314747	whitebritish
3778807	3778807	whitebritish
1093554	1093554	whitebritish
2904390	2904390	whitebritish
2112876	2112876	whitebritish
2119814	2119814	whitebritish
1377973	1377973	whitebritish
3733070	3733070	whitebritish
1880717	1880717	whitebritish
3197177	3197177	whitebritish
3929174	3929174	whitebritish
4197891	4197891	whitebritish
5333452	5333452	whitebritish
4949123	4949123	whitebritish
1764190	1764190	whitebritish
5865499	5865499	whitebritish
2437815	2437815	whitebritish
5307141	5307141	whitebritish
1605590	1605590	whitebritish
2330996	2330996	whitebritish
3715525	3715525	whitebritish
4019570	4019570	whitebritish
1095577	1095577	whitebritish
5553211	5553211	whitebritish
4150558	4150558	whitebritish
3822666	3822666	whitebritish
4112824	4112824	whitebritish
4988502	4988502	whitebritish
1827617	1827617	whitebritish
3119695	3119695	whitebritish
2726072	2726072	whitebritish
3718021	3718021	whitebritish
3227852	3227852	whitebritish
3801381	3801381	whitebritish
5726181	5726181	whitebritish
4995568	4995568	whitebritish
5330328	5330328	whitebritish
1620324	1620324	whitebritish
1559882	1559882	whitebritish
5734461	5734461	whitebritish
5603517	5603517	whitebritish
4643330	4643330	whitebritish
4249503	4249503	whitebritish
5186891	5186891	whitebritish
3436347	3436347	whitebritish
4495151	4495151	whitebritish
4038693	4038693	whitebritish
5281483	5281483	whitebritish
1851942	1851942	whitebritish
5597422	5597422	whitebritish
2348648	2348648	whitebritish
3054981	3054981	whitebritish
4394830	4394830	whitebritish
1705190	1705190	whitebritish
1876230	1876230	whitebritish
4353493	4353493	whitebritish
5497890	5497890	whitebritish
1216986	1216986	whitebritish
1610642	1610642	whitebritish
1527063	1527063	whitebritish
4603261	4603261	whitebritish
4813798	4813798	whitebritish
2041261	2041261	whitebritish
1953550	1953550	whitebritish
4476188	4476188	whitebritish
2535270	2535270	whitebritish
3308710	3308710	whitebritish
5219408	5219408	whitebritish
2655126	2655126	whitebritish
1435159	1435159	whitebritish
2027088	2027088	whitebritish
4846920	4846920	whitebritish
5681914	5681914	whitebritish
2470229	2470229	whitebritish
4586659	4586659	whitebritish
2477665	2477665	whitebritish
2758501	2758501	whitebritish
5826141	5826141	whitebritish
4761139	4761139	whitebritish
4504116	4504116	whitebritish
3991589	3991589	whitebritish
4199283	4199283	whitebritish
5301398	5301398	whitebritish
2304185	2304185	whitebritish
5945384	5945384	whitebritish
4997546	4997546	whitebritish
4393089	4393089	whitebritish
3815433	3815433	whitebritish
5357465	5357465	whitebritish
2454922	2454922	whitebritish
3833732	3833732	whitebritish
2389797	2389797	whitebritish
5598226	5598226	whitebritish
2559088	2559088	whitebritish
4133540	4133540	whitebritish
2473378	2473378	whitebritish
5485554	5485554	whitebritish
5377853	5377853	whitebritish
2982060	2982060	whitebritish
3834220	3834220	whitebritish
4966202	4966202	whitebritish
2437279	2437279	whitebritish
1152465	1152465	whitebritish
2974520	2974520	whitebritish
1368179	1368179	whitebritish
4624962	4624962	whitebritish
1962469	1962469	whitebritish
2046163	2046163	whitebritish
2775725	2775725	whitebritish
5324379	5324379	whitebritish
4040728	4040728	whitebritish
2255800	2255800	whitebritish
3769979	3769979	whitebritish
3093560	3093560	whitebritish
3335107	3335107	whitebritish
1646750	1646750	whitebritish
3618882	3618882	whitebritish
1028129	1028129	whitebritish
1981685	1981685	whitebritish
3086388	3086388	whitebritish
5247427	5247427	whitebritish
2816736	2816736	whitebritish
4876885	4876885	whitebritish
5689333	5689333	whitebritish
2703634	2703634	whitebritish
4458517	4458517	whitebritish
1182251	1182251	whitebritish
1936541	1936541	whitebritish
3414383	3414383	whitebritish
2149262	2149262	whitebritish
3107136	3107136	whitebritish
1264619	1264619	whitebritish
5359388	5359388	whitebritish
3950384	3950384	whitebritish
5380128	5380128	whitebritish
1369148	1369148	whitebritish
5490219	5490219	whitebritish
2547103	2547103	whitebritish
5571163	5571163	whitebritish
1950819	1950819	whitebritish
4521897	4521897	whitebritish
5036640	5036640	whitebritish
3385741	3385741	whitebritish
1679525	1679525	whitebritish
3941225	3941225	whitebritish
5867429	5867429	whitebritish
3951486	3951486	whitebritish
5273277	5273277	whitebritish
1449140	1449140	whitebritish
4704375	4704375	whitebritish
1692315	1692315	whitebritish
3846459	3846459	whitebritish
5800726	5800726	whitebritish
3103271	3103271	whitebritish
2008128	2008128	whitebritish
3250991	3250991	whitebritish
5803763	5803763	whitebritish
1345713	1345713	whitebritish
3132501	3132501	whitebritish
4192932	4192932	whitebritish
5788727	5788727	whitebritish
3833278	3833278	whitebritish
2416773	2416773	whitebritish
1830054	1830054	whitebritish
2917906	2917906	whitebritish
4882954	4882954	whitebritish
4984725	4984725	whitebritish
5215815	5215815	whitebritish
5813811	5813811	whitebritish
2311142	2311142	whitebritish
3390906	3390906	whitebritish
3550208	3550208	whitebritish
5916083	5916083	whitebritish
4702059	4702059	whitebritish
3054935	3054935	whitebritish
5279438	5279438	whitebritish
4214543	4214543	whitebritish
1470706	1470706	whitebritish
5605564	5605564	whitebritish
1136334	1136334	whitebritish
1523433	1523433	whitebritish
4645507	4645507	whitebritish
4457305	4457305	whitebritish
5204739	5204739	whitebritish
5362361	5362361	whitebritish
3030403	3030403	whitebritish
2302291	2302291	whitebritish
2009736	2009736	whitebritish
3822319	3822319	whitebritish
2888938	2888938	whitebritish
5105814	5105814	whitebritish
4715148	4715148	whitebritish
1113768	1113768	whitebritish
1340071	1340071	whitebritish
4934927	4934927	whitebritish
3172057	3172057	whitebritish
3992834	3992834	whitebritish
5832557	5832557	whitebritish
3894175	3894175	whitebritish
4762698	4762698	whitebritish
5136791	5136791	whitebritish
3424416	3424416	whitebritish
5705112	5705112	whitebritish
2392277	2392277	whitebritish
2738308	2738308	whitebritish
2197069	2197069	whitebritish
4615113	4615113	whitebritish
3866826	3866826	whitebritish
1414770	1414770	whitebritish
1671265	1671265	whitebritish
1080879	1080879	whitebritish
4375084	4375084	whitebritish
4360064	4360064	whitebritish
5174060	5174060	whitebritish
5281806	5281806	whitebritish
3266093	3266093	whitebritish
3746310	3746310	whitebritish
5836654	5836654	whitebritish
1147885	1147885	whitebritish
5926922	5926922	whitebritish
3956532	3956532	whitebritish
4863794	4863794	whitebritish
5465949	5465949	whitebritish
2075235	2075235	whitebritish
4242778	4242778	whitebritish
2682763	2682763	whitebritish
1891379	1891379	whitebritish
5654278	5654278	whitebritish
2925024	2925024	whitebritish
5901469	5901469	whitebritish
5656772	5656772	whitebritish
1428171	1428171	whitebritish
2696867	2696867	whitebritish
3720176	3720176	whitebritish
4204194	4204194	whitebritish
2466417	2466417	whitebritish
1310668	1310668	whitebritish
5035714	5035714	whitebritish
2533598	2533598	whitebritish
1600244	1600244	whitebritish
2112003	2112003	whitebritish
3535220	3535220	whitebritish
5963199	5963199	whitebritish
3010844	3010844	whitebritish
2145170	2145170	whitebritish
2771012	2771012	whitebritish
5338090	5338090	whitebritish
5174736	5174736	whitebritish
2654344	2654344	whitebritish
6003040	6003040	whitebritish
2949074	2949074	whitebritish
5167537	5167537	whitebritish
5466707	5466707	whitebritish
4497575	4497575	whitebritish
5298151	5298151	whitebritish
1409807	1409807	whitebritish
5331442	5331442	whitebritish
5149966	5149966	whitebritish
5805788	5805788	whitebritish
4025920	4025920	whitebritish
5939320	5939320	whitebritish
2987590	2987590	whitebritish
1670766	1670766	whitebritish
3685408	3685408	whitebritish
5013053	5013053	whitebritish
4264707	4264707	whitebritish
5587295	5587295	whitebritish
1305194	1305194	whitebritish
2703200	2703200	whitebritish
1412614	1412614	whitebritish
2607813	2607813	whitebritish
4468688	4468688	whitebritish
1200216	1200216	whitebritish
3045122	3045122	whitebritish
5730656	5730656	whitebritish
2109094	2109094	whitebritish
3448448	3448448	whitebritish
6012368	6012368	whitebritish
4787919	4787919	whitebritish
1996781	1996781	whitebritish
3239312	3239312	whitebritish
5734695	5734695	whitebritish
2329927	2329927	whitebritish
5922812	5922812	whitebritish
2083575	2083575	whitebritish
5473143	5473143	whitebritish
1410624	1410624	whitebritish
2632304	2632304	whitebritish
1899025	1899025	whitebritish
2887339	2887339	whitebritish
3179754	3179754	whitebritish
4077888	4077888	whitebritish
3355502	3355502	whitebritish
2887996	2887996	whitebritish
2937857	2937857	whitebritish
1501092	1501092	whitebritish
4559376	4559376	whitebritish
1780374	1780374	whitebritish
1362429	1362429	whitebritish
3689850	3689850	whitebritish
2071946	2071946	whitebritish
1923975	1923975	whitebritish
2846872	2846872	whitebritish
4656229	4656229	whitebritish
3351605	3351605	whitebritish
5433224	5433224	whitebritish
2797686	2797686	whitebritish
1231902	1231902	whitebritish
2701789	2701789	whitebritish
3216994	3216994	whitebritish
5298228	5298228	whitebritish
4736091	4736091	whitebritish
1701681	1701681	whitebritish
3459061	3459061	whitebritish
4090380	4090380	whitebritish
5077717	5077717	whitebritish
5307697	5307697	whitebritish
4318415	4318415	whitebritish
3860751	3860751	whitebritish
3684781	3684781	whitebritish
3712367	3712367	whitebritish
4375277	4375277	whitebritish
3129822	3129822	whitebritish
2731361	2731361	whitebritish
5326709	5326709	whitebritish
4247936	4247936	whitebritish
6021431	6021431	whitebritish
3466558	3466558	whitebritish
1209132	1209132	whitebritish
4930629	4930629	whitebritish
5334201	5334201	whitebritish
3981864	3981864	whitebritish
1086153	1086153	whitebritish
2671960	2671960	whitebritish
4840784	4840784	whitebritish
1207743	1207743	whitebritish
3031926	3031926	whitebritish
4583783	4583783	whitebritish
1229404	1229404	whitebritish
3618980	3618980	whitebritish
3404239	3404239	whitebritish
4399791	4399791	whitebritish
2768180	2768180	whitebritish
5825468	5825468	whitebritish
5333191	5333191	whitebritish
1150073	1150073	whitebritish
1498678	1498678	whitebritish
6013237	6013237	whitebritish
5954918	5954918	whitebritish
1032724	1032724	whitebritish
2569786	2569786	whitebritish
3196500	3196500	whitebritish
4929942	4929942	whitebritish
3325051	3325051	whitebritish
4237330	4237330	whitebritish
3575847	3575847	whitebritish
1804473	1804473	whitebritish
5094489	5094489	whitebritish
3233703	3233703	whitebritish
2253004	2253004	whitebritish
1340631	1340631	whitebritish
1103714	1103714	whitebritish
5160157	5160157	whitebritish
1161454	1161454	whitebritish
3005864	3005864	whitebritish
3375326	3375326	whitebritish
2609937	2609937	whitebritish
3290707	3290707	whitebritish
2833267	2833267	whitebritish
3664369	3664369	whitebritish
2624719	2624719	whitebritish
1848585	1848585	whitebritish
3484914	3484914	whitebritish
3671650	3671650	whitebritish
2003622	2003622	whitebritish
1030604	1030604	whitebritish
5666408	5666408	whitebritish
2029925	2029925	whitebritish
3912751	3912751	whitebritish
1919440	1919440	whitebritish
5481159	5481159	whitebritish
2797795	2797795	whitebritish
4558211	4558211	whitebritish
3326176	3326176	whitebritish
1416383	1416383	whitebritish
1365675	1365675	whitebritish
5826153	5826153	whitebritish
4084210	4084210	whitebritish
1013674	1013674	whitebritish
2211841	2211841	whitebritish
5162983	5162983	whitebritish
1460042	1460042	whitebritish
3026783	3026783	whitebritish
4528084	4528084	whitebritish
3744563	3744563	whitebritish
5031663	5031663	whitebritish
4536770	4536770	whitebritish
3326319	3326319	whitebritish
2372004	2372004	whitebritish
1891090	1891090	whitebritish
2909340	2909340	whitebritish
2970294	2970294	whitebritish
3738508	3738508	whitebritish
3593582	3593582	whitebritish
5546381	5546381	whitebritish
4747060	4747060	whitebritish
3203152	3203152	whitebritish
1197385	1197385	whitebritish
3726995	3726995	whitebritish
5900109	5900109	whitebritish
1699895	1699895	whitebritish
3417929	3417929	whitebritish
1746886	1746886	whitebritish
1309206	1309206	whitebritish
1474112	1474112	whitebritish
1605519	1605519	whitebritish
1736774	1736774	whitebritish
1807239	1807239	whitebritish
1705432	1705432	whitebritish
5782073	5782073	whitebritish
2692669	2692669	whitebritish
1551109	1551109	whitebritish
1831447	1831447	whitebritish
4125647	4125647	whitebritish
4788754	4788754	whitebritish
5435503	5435503	whitebritish
2511764	2511764	whitebritish
4978347	4978347	whitebritish
1337415	1337415	whitebritish
4409287	4409287	whitebritish
4136374	4136374	whitebritish
3806402	3806402	whitebritish
4157334	4157334	whitebritish
1123364	1123364	whitebritish
4489432	4489432	whitebritish
4755050	4755050	whitebritish
2537872	2537872	whitebritish
5644069	5644069	whitebritish
5889417	5889417	whitebritish
4010557	4010557	whitebritish
3817641	3817641	whitebritish
5146773	5146773	whitebritish
4632951	4632951	whitebritish
5276339	5276339	whitebritish
3543507	3543507	whitebritish
5918091	5918091	whitebritish
1623410	1623410	whitebritish
2971786	2971786	whitebritish
5567789	5567789	whitebritish
3566508	3566508	whitebritish
1546658	1546658	whitebritish
2367574	2367574	whitebritish
5826817	5826817	whitebritish
1648552	1648552	whitebritish
1820366	1820366	whitebritish
5940560	5940560	whitebritish
3765785	3765785	whitebritish
5878236	5878236	whitebritish
3190732	3190732	whitebritish
5165967	5165967	whitebritish
3929259	3929259	whitebritish
3971901	3971901	whitebritish
5815546	5815546	whitebritish
5271006	5271006	whitebritish
4508584	4508584	whitebritish
3311002	3311002	whitebritish
4839550	4839550	whitebritish
2552588	2552588	whitebritish
3146340	3146340	whitebritish
3094056	3094056	whitebritish
2213980	2213980	whitebritish
4398643	4398643	whitebritish
5868898	5868898	whitebritish
2634433	2634433	whitebritish
3306245	3306245	whitebritish
1718928	1718928	whitebritish
3250197	3250197	whitebritish
5602793	5602793	whitebritish
1435024	1435024	whitebritish
1878119	1878119	whitebritish
3391222	3391222	whitebritish
1615065	1615065	whitebritish
2162996	2162996	whitebritish
5028218	5028218	whitebritish
2053807	2053807	whitebritish
1044670	1044670	whitebritish
4229728	4229728	whitebritish
4753918	4753918	whitebritish
3273052	3273052	whitebritish
1078908	1078908	whitebritish
2619680	2619680	whitebritish
4469120	4469120	whitebritish
2817743	2817743	whitebritish
1337331	1337331	whitebritish
3882190	3882190	whitebritish
5848958	5848958	whitebritish
3924547	3924547	whitebritish
1940638	1940638	whitebritish
4864377	4864377	whitebritish
5673852	5673852	whitebritish
4511148	4511148	whitebritish
3860795	3860795	whitebritish
3905922	3905922	whitebritish
4004424	4004424	whitebritish
4910566	4910566	whitebritish
5189474	5189474	whitebritish
2692860	2692860	whitebritish
4533278	4533278	whitebritish
5107048	5107048	whitebritish
2504495	2504495	whitebritish
1647440	1647440	whitebritish
1896688	1896688	whitebritish
3287261	3287261	whitebritish
4870625	4870625	whitebritish
1404750	1404750	whitebritish
4746935	4746935	whitebritish
3063415	3063415	whitebritish
3070618	3070618	whitebritish
5901345	5901345	whitebritish
1120860	1120860	whitebritish
1163871	1163871	whitebritish
1145912	1145912	whitebritish
3430268	3430268	whitebritish
2946049	2946049	whitebritish
2174694	2174694	whitebritish
5717999	5717999	whitebritish
3104459	3104459	whitebritish
1168783	1168783	whitebritish
5002781	5002781	whitebritish
2252541	2252541	whitebritish
3236160	3236160	whitebritish
2825355	2825355	whitebritish
1619225	1619225	whitebritish
5294036	5294036	whitebritish
5634903	5634903	whitebritish
1914110	1914110	whitebritish
4357650	4357650	whitebritish
2468445	2468445	whitebritish
1023155	1023155	whitebritish
2845582	2845582	whitebritish
1859981	1859981	whitebritish
4487380	4487380	whitebritish
5206779	5206779	whitebritish
4808778	4808778	whitebritish
2653603	2653603	whitebritish
2315477	2315477	whitebritish
4935982	4935982	whitebritish
3222605	3222605	whitebritish
4798582	4798582	whitebritish
1712685	1712685	whitebritish
5172366	5172366	whitebritish
3921798	3921798	whitebritish
2636121	2636121	whitebritish
5189871	5189871	whitebritish
1590304	1590304	whitebritish
3813144	3813144	whitebritish
5835860	5835860	whitebritish
3684950	3684950	whitebritish
4636655	4636655	whitebritish
4970720	4970720	whitebritish
2169802	2169802	whitebritish
4066103	4066103	whitebritish
2691438	2691438	whitebritish
4689374	4689374	whitebritish
4156937	4156937	whitebritish
1919598	1919598	whitebritish
2170185	2170185	whitebritish
3380690	3380690	whitebritish
2722104	2722104	whitebritish
5906992	5906992	whitebritish
3340208	3340208	whitebritish
5573903	5573903	whitebritish
2307480	2307480	whitebritish
4146036	4146036	whitebritish
2753364	2753364	whitebritish
5430635	5430635	whitebritish
5907510	5907510	whitebritish
4637805	4637805	whitebritish
5520870	5520870	whitebritish
5044377	5044377	whitebritish
5079244	5079244	whitebritish
3192956	3192956	whitebritish
1870863	1870863	whitebritish
5440358	5440358	whitebritish
2068560	2068560	whitebritish
4640652	4640652	whitebritish
4812121	4812121	whitebritish
5081984	5081984	whitebritish
3330758	3330758	whitebritish
1658615	1658615	whitebritish
1575955	1575955	whitebritish
3603557	3603557	whitebritish
2301882	2301882	whitebritish
4616815	4616815	whitebritish
4473445	4473445	whitebritish
5424270	5424270	whitebritish
2526901	2526901	whitebritish
3910797	3910797	whitebritish
5896676	5896676	whitebritish
2664409	2664409	whitebritish
5674548	5674548	whitebritish
1032200	1032200	whitebritish
3951315	3951315	whitebritish
1369657	1369657	whitebritish
4312118	4312118	whitebritish
2679006	2679006	whitebritish
3983583	3983583	whitebritish
2865203	2865203	whitebritish
3658229	3658229	whitebritish
1145655	1145655	whitebritish
5794309	5794309	whitebritish
1808173	1808173	whitebritish
1122864	1122864	whitebritish
1126532	1126532	whitebritish
1985636	1985636	whitebritish
5965236	5965236	whitebritish
3576107	3576107	whitebritish
1827719	1827719	whitebritish
4009964	4009964	whitebritish
3902227	3902227	whitebritish
3979812	3979812	whitebritish
1129832	1129832	whitebritish
2125499	2125499	whitebritish
3769869	3769869	whitebritish
1001368	1001368	whitebritish
4276163	4276163	whitebritish
3800997	3800997	whitebritish
4868236	4868236	whitebritish
5602219	5602219	whitebritish
4035619	4035619	whitebritish
2271992	2271992	whitebritish
4313685	4313685	whitebritish
4003752	4003752	whitebritish
3578136	3578136	whitebritish
3803253	3803253	whitebritish
3181386	3181386	whitebritish
1637475	1637475	whitebritish
3890276	3890276	whitebritish
2581127	2581127	whitebritish
3296448	3296448	whitebritish
5660094	5660094	whitebritish
2591022	2591022	whitebritish
5126842	5126842	whitebritish
1367096	1367096	whitebritish
4590093	4590093	whitebritish
3246166	3246166	whitebritish
5009587	5009587	whitebritish
4629637	4629637	whitebritish
5021225	5021225	whitebritish
4618868	4618868	whitebritish
3128057	3128057	whitebritish
1737823	1737823	whitebritish
2752100	2752100	whitebritish
5579487	5579487	whitebritish
4486543	4486543	whitebritish
2618503	2618503	whitebritish
1132509	1132509	whitebritish
3895113	3895113	whitebritish
5073979	5073979	whitebritish
5567492	5567492	whitebritish
4672494	4672494	whitebritish
5822678	5822678	whitebritish
3122369	3122369	whitebritish
5963926	5963926	whitebritish
3490785	3490785	whitebritish
1648435	1648435	whitebritish
2616352	2616352	whitebritish
4535983	4535983	whitebritish
1920884	1920884	whitebritish
3969115	3969115	whitebritish
5695128	5695128	whitebritish
1472908	1472908	whitebritish
1345625	1345625	whitebritish
3352553	3352553	whitebritish
4609790	4609790	whitebritish
5239445	5239445	whitebritish
3644739	3644739	whitebritish
3614393	3614393	whitebritish
4705757	4705757	whitebritish
5852039	5852039	whitebritish
4813249	4813249	whitebritish
2560560	2560560	whitebritish
5410059	5410059	whitebritish
5160099	5160099	whitebritish
1251264	1251264	whitebritish
3497733	3497733	whitebritish
2997071	2997071	whitebritish
1635613	1635613	whitebritish
3402670	3402670	whitebritish
1868736	1868736	whitebritish
2157816	2157816	whitebritish
3018665	3018665	whitebritish
4214278	4214278	whitebritish
4653398	4653398	whitebritish
3091243	3091243	whitebritish
4456976	4456976	whitebritish
3739946	3739946	whitebritish
5709107	5709107	whitebritish
3780740	3780740	whitebritish
4744741	4744741	whitebritish
2698844	2698844	whitebritish
5242751	5242751	whitebritish
3548074	3548074	whitebritish
2334578	2334578	whitebritish
1848260	1848260	whitebritish
2001054	2001054	whitebritish
1423247	1423247	whitebritish
1850513	1850513	whitebritish
1414572	1414572	whitebritish
2989952	2989952	whitebritish
4551976	4551976	whitebritish
1097567	1097567	whitebritish
2606387	2606387	whitebritish
4105067	4105067	whitebritish
3221902	3221902	whitebritish
4067359	4067359	whitebritish
2321112	2321112	whitebritish
5073149	5073149	whitebritish
5847207	5847207	whitebritish
5495310	5495310	whitebritish
1994506	1994506	whitebritish
3270275	3270275	whitebritish
1781567	1781567	whitebritish
3945507	3945507	whitebritish
5764019	5764019	whitebritish
3449416	3449416	whitebritish
2236561	2236561	whitebritish
6002586	6002586	whitebritish
1443046	1443046	whitebritish
1985433	1985433	whitebritish
3024734	3024734	whitebritish
3998431	3998431	whitebritish
3542600	3542600	whitebritish
4477597	4477597	whitebritish
1389878	1389878	whitebritish
4190713	4190713	whitebritish
5111272	5111272	whitebritish
3736844	3736844	whitebritish
2943619	2943619	whitebritish
4757368	4757368	whitebritish
4536167	4536167	whitebritish
5887581	5887581	whitebritish
4467646	4467646	whitebritish
4803653	4803653	whitebritish
3606499	3606499	whitebritish
5818882	5818882	whitebritish
5559248	5559248	whitebritish
5905171	5905171	whitebritish
5609109	5609109	whitebritish
5527070	5527070	whitebritish
2441742	2441742	whitebritish
1354825	1354825	whitebritish
2668605	2668605	whitebritish
5983320	5983320	whitebritish
3694162	3694162	whitebritish
2204477	2204477	whitebritish
4574555	4574555	whitebritish
1622337	1622337	whitebritish
4768830	4768830	whitebritish
4736473	4736473	whitebritish
2349212	2349212	whitebritish
3596378	3596378	whitebritish
5412598	5412598	whitebritish
3986734	3986734	whitebritish
1423948	1423948	whitebritish
2719420	2719420	whitebritish
5196596	5196596	whitebritish
5931019	5931019	whitebritish
5979349	5979349	whitebritish
4150532	4150532	whitebritish
3291269	3291269	whitebritish
4396175	4396175	whitebritish
3216003	3216003	whitebritish
1388128	1388128	whitebritish
4283807	4283807	whitebritish
1606062	1606062	whitebritish
2760305	2760305	whitebritish
1946490	1946490	whitebritish
5441132	5441132	whitebritish
1635835	1635835	whitebritish
3139838	3139838	whitebritish
5482830	5482830	whitebritish
4913523	4913523	whitebritish
1226974	1226974	whitebritish
3735540	3735540	whitebritish
1681695	1681695	whitebritish
2416125	2416125	whitebritish
2555899	2555899	whitebritish
4262902	4262902	whitebritish
3689967	3689967	whitebritish
5734426	5734426	whitebritish
2911518	2911518	whitebritish
5910548	5910548	whitebritish
5165310	5165310	whitebritish
4639928	4639928	whitebritish
1725120	1725120	whitebritish
4810401	4810401	whitebritish
4070910	4070910	whitebritish
4482108	4482108	whitebritish
5031350	5031350	whitebritish
5582742	5582742	whitebritish
1803442	1803442	whitebritish
3497759	3497759	whitebritish
4740998	4740998	whitebritish
4340295	4340295	whitebritish
1587707	1587707	whitebritish
2210050	2210050	whitebritish
4962532	4962532	whitebritish
5121265	5121265	whitebritish
4183170	4183170	whitebritish
2087788	2087788	whitebritish
2148756	2148756	whitebritish
2321272	2321272	whitebritish
5871814	5871814	whitebritish
2612070	2612070	whitebritish
1019045	1019045	whitebritish
2308626	2308626	whitebritish
2322391	2322391	whitebritish
2481053	2481053	whitebritish
4984565	4984565	whitebritish
3154660	3154660	whitebritish
1912901	1912901	whitebritish
1243204	1243204	whitebritish
4825987	4825987	whitebritish
2705851	2705851	whitebritish
4415606	4415606	whitebritish
5107468	5107468	whitebritish
2321920	2321920	whitebritish
1691221	1691221	whitebritish
1711069	1711069	whitebritish
4885100	4885100	whitebritish
4442064	4442064	whitebritish
4222620	4222620	whitebritish
5755211	5755211	whitebritish
3842645	3842645	whitebritish
5787258	5787258	whitebritish
5543874	5543874	whitebritish
3096477	3096477	whitebritish
1327725	1327725	whitebritish
3751897	3751897	whitebritish
5249080	5249080	whitebritish
3734710	3734710	whitebritish
3547857	3547857	whitebritish
3057543	3057543	whitebritish
4022736	4022736	whitebritish
3720682	3720682	whitebritish
1148232	1148232	whitebritish
1999109	1999109	whitebritish
1885387	1885387	whitebritish
5410020	5410020	whitebritish
2072171	2072171	whitebritish
3113917	3113917	whitebritish
3665657	3665657	whitebritish
4916696	4916696	whitebritish
3566067	3566067	whitebritish
2224344	2224344	whitebritish
5952263	5952263	whitebritish
2670955	2670955	whitebritish
5559992	5559992	whitebritish
3205844	3205844	whitebritish
3565595	3565595	whitebritish
