X1	X2	Clust
3070059	3070059	SIRcenter1pca0.0005
5327220	5327220	SIRcenter1pca0.0005
1001162	1001162	SIRcenter1pca0.0005
3408743	3408743	SIRcenter1pca0.0005
1894935	1894935	SIRcenter1pca0.0005
4652239	4652239	SIRcenter1pca0.0005
3523632	3523632	SIRcenter1pca0.0005
5264138	5264138	SIRcenter1pca0.0005
2236631	2236631	SIRcenter1pca0.0005
2899506	2899506	SIRcenter1pca0.0005
3144056	3144056	SIRcenter1pca0.0005
3907299	3907299	SIRcenter1pca0.0005
4348813	4348813	SIRcenter1pca0.0005
1747013	1747013	SIRcenter1pca0.0005
2118863	2118863	SIRcenter1pca0.0005
3264170	3264170	SIRcenter1pca0.0005
3081493	3081493	SIRcenter1pca0.0005
3672577	3672577	SIRcenter1pca0.0005
1653923	1653923	SIRcenter1pca0.0005
4078912	4078912	SIRcenter1pca0.0005
3619017	3619017	SIRcenter1pca0.0005
4838092	4838092	SIRcenter1pca0.0005
3901811	3901811	SIRcenter1pca0.0005
4167526	4167526	SIRcenter1pca0.0005
1670311	1670311	SIRcenter1pca0.0005
2361113	2361113	SIRcenter1pca0.0005
4348617	4348617	SIRcenter1pca0.0005
2561604	2561604	SIRcenter1pca0.0005
2884400	2884400	SIRcenter1pca0.0005
1749293	1749293	SIRcenter1pca0.0005
4914510	4914510	SIRcenter1pca0.0005
3202787	3202787	SIRcenter1pca0.0005
4531238	4531238	SIRcenter1pca0.0005
2696880	2696880	SIRcenter1pca0.0005
4154386	4154386	SIRcenter1pca0.0005
3987615	3987615	SIRcenter1pca0.0005
3964575	3964575	SIRcenter1pca0.0005
5042603	5042603	SIRcenter1pca0.0005
1799620	1799620	SIRcenter1pca0.0005
1402542	1402542	SIRcenter1pca0.0005
5638204	5638204	SIRcenter1pca0.0005
1305973	1305973	SIRcenter1pca0.0005
2476492	2476492	SIRcenter1pca0.0005
3112791	3112791	SIRcenter1pca0.0005
5105510	5105510	SIRcenter1pca0.0005
4257706	4257706	SIRcenter1pca0.0005
2829906	2829906	SIRcenter1pca0.0005
3055094	3055094	SIRcenter1pca0.0005
2803999	2803999	SIRcenter1pca0.0005
1230678	1230678	SIRcenter1pca0.0005
1861561	1861561	SIRcenter1pca0.0005
3622690	3622690	SIRcenter1pca0.0005
4640613	4640613	SIRcenter1pca0.0005
1760035	1760035	SIRcenter1pca0.0005
1017238	1017238	SIRcenter1pca0.0005
3147770	3147770	SIRcenter1pca0.0005
4297477	4297477	SIRcenter1pca0.0005
1894935	1894935	SIRcenter1pca0.0005
4886682	4886682	SIRcenter1pca0.0005
4486793	4486793	SIRcenter1pca0.0005
5057829	5057829	SIRcenter1pca0.0005
2952773	2952773	SIRcenter1pca0.0005
4254923	4254923	SIRcenter1pca0.0005
2956285	2956285	SIRcenter1pca0.0005
2990503	2990503	SIRcenter1pca0.0005
2826739	2826739	SIRcenter1pca0.0005
3001341	3001341	SIRcenter1pca0.0005
1950333	1950333	SIRcenter1pca0.0005
4066212	4066212	SIRcenter1pca0.0005
4784420	4784420	SIRcenter1pca0.0005
2636042	2636042	SIRcenter1pca0.0005
1513877	1513877	SIRcenter1pca0.0005
1588873	1588873	SIRcenter1pca0.0005
3865225	3865225	SIRcenter1pca0.0005
2280299	2280299	SIRcenter1pca0.0005
2683239	2683239	SIRcenter1pca0.0005
3515102	3515102	SIRcenter1pca0.0005
5351638	5351638	SIRcenter1pca0.0005
1432622	1432622	SIRcenter1pca0.0005
5551429	5551429	SIRcenter1pca0.0005
1928394	1928394	SIRcenter1pca0.0005
1374307	1374307	SIRcenter1pca0.0005
1433458	1433458	SIRcenter1pca0.0005
5385276	5385276	SIRcenter1pca0.0005
1976573	1976573	SIRcenter1pca0.0005
2410889	2410889	SIRcenter1pca0.0005
3489474	3489474	SIRcenter1pca0.0005
4754374	4754374	SIRcenter1pca0.0005
2980088	2980088	SIRcenter1pca0.0005
1293238	1293238	SIRcenter1pca0.0005
5585880	5585880	SIRcenter1pca0.0005
4261332	4261332	SIRcenter1pca0.0005
4329034	4329034	SIRcenter1pca0.0005
4449541	4449541	SIRcenter1pca0.0005
2710498	2710498	SIRcenter1pca0.0005
5626727	5626727	SIRcenter1pca0.0005
2636042	2636042	SIRcenter1pca0.0005
4268891	4268891	SIRcenter1pca0.0005
1100288	1100288	SIRcenter1pca0.0005
1083257	1083257	SIRcenter1pca0.0005
4447131	4447131	SIRcenter1pca0.0005
2415526	2415526	SIRcenter1pca0.0005
2046324	2046324	SIRcenter1pca0.0005
5748735	5748735	SIRcenter1pca0.0005
2829129	2829129	SIRcenter1pca0.0005
1361796	1361796	SIRcenter1pca0.0005
1673503	1673503	SIRcenter1pca0.0005
3569336	3569336	SIRcenter1pca0.0005
4110885	4110885	SIRcenter1pca0.0005
5941721	5941721	SIRcenter1pca0.0005
2985224	2985224	SIRcenter1pca0.0005
1499850	1499850	SIRcenter1pca0.0005
3690438	3690438	SIRcenter1pca0.0005
4351027	4351027	SIRcenter1pca0.0005
3659302	3659302	SIRcenter1pca0.0005
1603582	1603582	SIRcenter1pca0.0005
1541483	1541483	SIRcenter1pca0.0005
3346274	3346274	SIRcenter1pca0.0005
4988164	4988164	SIRcenter1pca0.0005
6007410	6007410	SIRcenter1pca0.0005
1872237	1872237	SIRcenter1pca0.0005
2079031	2079031	SIRcenter1pca0.0005
2155061	2155061	SIRcenter1pca0.0005
5987339	5987339	SIRcenter1pca0.0005
1139564	1139564	SIRcenter1pca0.0005
2899887	2899887	SIRcenter1pca0.0005
3431627	3431627	SIRcenter1pca0.0005
5357838	5357838	SIRcenter1pca0.0005
6007410	6007410	SIRcenter1pca0.0005
2419473	2419473	SIRcenter1pca0.0005
4766511	4766511	SIRcenter1pca0.0005
4889412	4889412	SIRcenter1pca0.0005
3752820	3752820	SIRcenter1pca0.0005
1824997	1824997	SIRcenter1pca0.0005
3614419	3614419	SIRcenter1pca0.0005
5482499	5482499	SIRcenter1pca0.0005
3857907	3857907	SIRcenter1pca0.0005
1901881	1901881	SIRcenter1pca0.0005
1277607	1277607	SIRcenter1pca0.0005
1257862	1257862	SIRcenter1pca0.0005
3557706	3557706	SIRcenter1pca0.0005
1482758	1482758	SIRcenter1pca0.0005
3401537	3401537	SIRcenter1pca0.0005
5886521	5886521	SIRcenter1pca0.0005
2828407	2828407	SIRcenter1pca0.0005
5280049	5280049	SIRcenter1pca0.0005
5227715	5227715	SIRcenter1pca0.0005
5042912	5042912	SIRcenter1pca0.0005
3711339	3711339	SIRcenter1pca0.0005
1524233	1524233	SIRcenter1pca0.0005
3888865	3888865	SIRcenter1pca0.0005
4811077	4811077	SIRcenter1pca0.0005
4075256	4075256	SIRcenter1pca0.0005
4298310	4298310	SIRcenter1pca0.0005
1207954	1207954	SIRcenter1pca0.0005
1123950	1123950	SIRcenter1pca0.0005
3939574	3939574	SIRcenter1pca0.0005
4555923	4555923	SIRcenter1pca0.0005
4908682	4908682	SIRcenter1pca0.0005
5570806	5570806	SIRcenter1pca0.0005
5739754	5739754	SIRcenter1pca0.0005
1109401	1109401	SIRcenter1pca0.0005
1219583	1219583	SIRcenter1pca0.0005
4798761	4798761	SIRcenter1pca0.0005
2301839	2301839	SIRcenter1pca0.0005
1824911	1824911	SIRcenter1pca0.0005
3793712	3793712	SIRcenter1pca0.0005
5774454	5774454	SIRcenter1pca0.0005
5664878	5664878	SIRcenter1pca0.0005
4108485	4108485	SIRcenter1pca0.0005
4066014	4066014	SIRcenter1pca0.0005
5628469	5628469	SIRcenter1pca0.0005
4481879	4481879	SIRcenter1pca0.0005
1634280	1634280	SIRcenter1pca0.0005
3345194	3345194	SIRcenter1pca0.0005
1196917	1196917	SIRcenter1pca0.0005
3216880	3216880	SIRcenter1pca0.0005
1739145	1739145	SIRcenter1pca0.0005
3672140	3672140	SIRcenter1pca0.0005
1260239	1260239	SIRcenter1pca0.0005
1605688	1605688	SIRcenter1pca0.0005
4585138	4585138	SIRcenter1pca0.0005
1514822	1514822	SIRcenter1pca0.0005
3680065	3680065	SIRcenter1pca0.0005
1523687	1523687	SIRcenter1pca0.0005
3775860	3775860	SIRcenter1pca0.0005
3847829	3847829	SIRcenter1pca0.0005
1968094	1968094	SIRcenter1pca0.0005
2332389	2332389	SIRcenter1pca0.0005
3402653	3402653	SIRcenter1pca0.0005
1663019	1663019	SIRcenter1pca0.0005
3659302	3659302	SIRcenter1pca0.0005
5839031	5839031	SIRcenter1pca0.0005
2373791	2373791	SIRcenter1pca0.0005
2801277	2801277	SIRcenter1pca0.0005
3668016	3668016	SIRcenter1pca0.0005
1603669	1603669	SIRcenter1pca0.0005
5543140	5543140	SIRcenter1pca0.0005
1071119	1071119	SIRcenter1pca0.0005
4233093	4233093	SIRcenter1pca0.0005
4281185	4281185	SIRcenter1pca0.0005
3579080	3579080	SIRcenter1pca0.0005
3096527	3096527	SIRcenter1pca0.0005
2077804	2077804	SIRcenter1pca0.0005
1973053	1973053	SIRcenter1pca0.0005
5760426	5760426	SIRcenter1pca0.0005
5574809	5574809	SIRcenter1pca0.0005
3294298	3294298	SIRcenter1pca0.0005
3464363	3464363	SIRcenter1pca0.0005
3208725	3208725	SIRcenter1pca0.0005
2160247	2160247	SIRcenter1pca0.0005
4700541	4700541	SIRcenter1pca0.0005
3054558	3054558	SIRcenter1pca0.0005
1070284	1070284	SIRcenter1pca0.0005
1423991	1423991	SIRcenter1pca0.0005
1530937	1530937	SIRcenter1pca0.0005
1931475	1931475	SIRcenter1pca0.0005
4190357	4190357	SIRcenter1pca0.0005
4710081	4710081	SIRcenter1pca0.0005
1642117	1642117	SIRcenter1pca0.0005
3156760	3156760	SIRcenter1pca0.0005
4694421	4694421	SIRcenter1pca0.0005
1264075	1264075	SIRcenter1pca0.0005
3970615	3970615	SIRcenter1pca0.0005
5223840	5223840	SIRcenter1pca0.0005
3917087	3917087	SIRcenter1pca0.0005
4605205	4605205	SIRcenter1pca0.0005
1779773	1779773	SIRcenter1pca0.0005
5478974	5478974	SIRcenter1pca0.0005
2713022	2713022	SIRcenter1pca0.0005
4748419	4748419	SIRcenter1pca0.0005
3205078	3205078	SIRcenter1pca0.0005
3531800	3531800	SIRcenter1pca0.0005
2732890	2732890	SIRcenter1pca0.0005
5981327	5981327	SIRcenter1pca0.0005
5336069	5336069	SIRcenter1pca0.0005
1662375	1662375	SIRcenter1pca0.0005
5080280	5080280	SIRcenter1pca0.0005
3707162	3707162	SIRcenter1pca0.0005
3863525	3863525	SIRcenter1pca0.0005
3965375	3965375	SIRcenter1pca0.0005
2307558	2307558	SIRcenter1pca0.0005
4435669	4435669	SIRcenter1pca0.0005
3426185	3426185	SIRcenter1pca0.0005
3071160	3071160	SIRcenter1pca0.0005
5897092	5897092	SIRcenter1pca0.0005
3155998	3155998	SIRcenter1pca0.0005
3172128	3172128	SIRcenter1pca0.0005
3633410	3633410	SIRcenter1pca0.0005
3201804	3201804	SIRcenter1pca0.0005
1009801	1009801	SIRcenter1pca0.0005
5177273	5177273	SIRcenter1pca0.0005
1509932	1509932	SIRcenter1pca0.0005
5039482	5039482	SIRcenter1pca0.0005
5582245	5582245	SIRcenter1pca0.0005
4787657	4787657	SIRcenter1pca0.0005
4323752	4323752	SIRcenter1pca0.0005
1552902	1552902	SIRcenter1pca0.0005
2720909	2720909	SIRcenter1pca0.0005
4799802	4799802	SIRcenter1pca0.0005
1398922	1398922	SIRcenter1pca0.0005
1106893	1106893	SIRcenter1pca0.0005
1593703	1593703	SIRcenter1pca0.0005
4405967	4405967	SIRcenter1pca0.0005
1301806	1301806	SIRcenter1pca0.0005
4290951	4290951	SIRcenter1pca0.0005
3273672	3273672	SIRcenter1pca0.0005
4374265	4374265	SIRcenter1pca0.0005
1706020	1706020	SIRcenter1pca0.0005
2820941	2820941	SIRcenter1pca0.0005
2419159	2419159	SIRcenter1pca0.0005
4066014	4066014	SIRcenter1pca0.0005
1306370	1306370	SIRcenter1pca0.0005
3576649	3576649	SIRcenter1pca0.0005
5040491	5040491	SIRcenter1pca0.0005
3588507	3588507	SIRcenter1pca0.0005
4105028	4105028	SIRcenter1pca0.0005
3431821	3431821	SIRcenter1pca0.0005
5176477	5176477	SIRcenter1pca0.0005
3502252	3502252	SIRcenter1pca0.0005
1806669	1806669	SIRcenter1pca0.0005
2653302	2653302	SIRcenter1pca0.0005
2946424	2946424	SIRcenter1pca0.0005
1990704	1990704	SIRcenter1pca0.0005
1210662	1210662	SIRcenter1pca0.0005
5970646	5970646	SIRcenter1pca0.0005
2432131	2432131	SIRcenter1pca0.0005
3662820	3662820	SIRcenter1pca0.0005
4240839	4240839	SIRcenter1pca0.0005
5770835	5770835	SIRcenter1pca0.0005
2109326	2109326	SIRcenter1pca0.0005
2329404	2329404	SIRcenter1pca0.0005
4108485	4108485	SIRcenter1pca0.0005
4966230	4966230	SIRcenter1pca0.0005
5143529	5143529	SIRcenter1pca0.0005
3718936	3718936	SIRcenter1pca0.0005
1553650	1553650	SIRcenter1pca0.0005
4167467	4167467	SIRcenter1pca0.0005
5390021	5390021	SIRcenter1pca0.0005
3337634	3337634	SIRcenter1pca0.0005
4022485	4022485	SIRcenter1pca0.0005
1635968	1635968	SIRcenter1pca0.0005
4038159	4038159	SIRcenter1pca0.0005
4125313	4125313	SIRcenter1pca0.0005
2472645	2472645	SIRcenter1pca0.0005
5026079	5026079	SIRcenter1pca0.0005
5246759	5246759	SIRcenter1pca0.0005
5198551	5198551	SIRcenter1pca0.0005
5025938	5025938	SIRcenter1pca0.0005
3862412	3862412	SIRcenter1pca0.0005
3124708	3124708	SIRcenter1pca0.0005
2861580	2861580	SIRcenter1pca0.0005
1389365	1389365	SIRcenter1pca0.0005
5445531	5445531	SIRcenter1pca0.0005
3819503	3819503	SIRcenter1pca0.0005
1309567	1309567	SIRcenter1pca0.0005
5633636	5633636	SIRcenter1pca0.0005
4506675	4506675	SIRcenter1pca0.0005
1036395	1036395	SIRcenter1pca0.0005
5829532	5829532	SIRcenter1pca0.0005
3008296	3008296	SIRcenter1pca0.0005
1071119	1071119	SIRcenter1pca0.0005
5521569	5521569	SIRcenter1pca0.0005
5048362	5048362	SIRcenter1pca0.0005
2013735	2013735	SIRcenter1pca0.0005
5411419	5411419	SIRcenter1pca0.0005
2154941	2154941	SIRcenter1pca0.0005
1298948	1298948	SIRcenter1pca0.0005
3102800	3102800	SIRcenter1pca0.0005
2626508	2626508	SIRcenter1pca0.0005
1812349	1812349	SIRcenter1pca0.0005
1459600	1459600	SIRcenter1pca0.0005
5079927	5079927	SIRcenter1pca0.0005
2118139	2118139	SIRcenter1pca0.0005
2973782	2973782	SIRcenter1pca0.0005
1953856	1953856	SIRcenter1pca0.0005
4371518	4371518	SIRcenter1pca0.0005
1574428	1574428	SIRcenter1pca0.0005
5477923	5477923	SIRcenter1pca0.0005
2893414	2893414	SIRcenter1pca0.0005
1371931	1371931	SIRcenter1pca0.0005
4267757	4267757	SIRcenter1pca0.0005
4689802	4689802	SIRcenter1pca0.0005
5932391	5932391	SIRcenter1pca0.0005
4926529	4926529	SIRcenter1pca0.0005
2484912	2484912	SIRcenter1pca0.0005
4656935	4656935	SIRcenter1pca0.0005
5825398	5825398	SIRcenter1pca0.0005
3578092	3578092	SIRcenter1pca0.0005
2392578	2392578	SIRcenter1pca0.0005
2303197	2303197	SIRcenter1pca0.0005
5725023	5725023	SIRcenter1pca0.0005
1499098	1499098	SIRcenter1pca0.0005
1389365	1389365	SIRcenter1pca0.0005
1688312	1688312	SIRcenter1pca0.0005
5251488	5251488	SIRcenter1pca0.0005
3455030	3455030	SIRcenter1pca0.0005
4201974	4201974	SIRcenter1pca0.0005
2864982	2864982	SIRcenter1pca0.0005
5704557	5704557	SIRcenter1pca0.0005
3328493	3328493	SIRcenter1pca0.0005
1749652	1749652	SIRcenter1pca0.0005
2578218	2578218	SIRcenter1pca0.0005
3001242	3001242	SIRcenter1pca0.0005
5096463	5096463	SIRcenter1pca0.0005
1867454	1867454	SIRcenter1pca0.0005
5810042	5810042	SIRcenter1pca0.0005
3197121	3197121	SIRcenter1pca0.0005
2380634	2380634	SIRcenter1pca0.0005
1442156	1442156	SIRcenter1pca0.0005
5672208	5672208	SIRcenter1pca0.0005
2079031	2079031	SIRcenter1pca0.0005
2457874	2457874	SIRcenter1pca0.0005
1197340	1197340	SIRcenter1pca0.0005
2249454	2249454	SIRcenter1pca0.0005
1111053	1111053	SIRcenter1pca0.0005
1225936	1225936	SIRcenter1pca0.0005
4179995	4179995	SIRcenter1pca0.0005
4111659	4111659	SIRcenter1pca0.0005
3646193	3646193	SIRcenter1pca0.0005
4034235	4034235	SIRcenter1pca0.0005
4574961	4574961	SIRcenter1pca0.0005
5678220	5678220	SIRcenter1pca0.0005
4320985	4320985	SIRcenter1pca0.0005
1024520	1024520	SIRcenter1pca0.0005
1619828	1619828	SIRcenter1pca0.0005
1403130	1403130	SIRcenter1pca0.0005
4595591	4595591	SIRcenter1pca0.0005
3287182	3287182	SIRcenter1pca0.0005
1664376	1664376	SIRcenter1pca0.0005
4654572	4654572	SIRcenter1pca0.0005
3532029	3532029	SIRcenter1pca0.0005
3186390	3186390	SIRcenter1pca0.0005
2133672	2133672	SIRcenter1pca0.0005
5075344	5075344	SIRcenter1pca0.0005
5432730	5432730	SIRcenter1pca0.0005
1669793	1669793	SIRcenter1pca0.0005
1393164	1393164	SIRcenter1pca0.0005
1738404	1738404	SIRcenter1pca0.0005
2977355	2977355	SIRcenter1pca0.0005
4589392	4589392	SIRcenter1pca0.0005
3736502	3736502	SIRcenter1pca0.0005
2308689	2308689	SIRcenter1pca0.0005
4900171	4900171	SIRcenter1pca0.0005
4935260	4935260	SIRcenter1pca0.0005
4185354	4185354	SIRcenter1pca0.0005
5047098	5047098	SIRcenter1pca0.0005
1839427	1839427	SIRcenter1pca0.0005
4236671	4236671	SIRcenter1pca0.0005
3509830	3509830	SIRcenter1pca0.0005
5355840	5355840	SIRcenter1pca0.0005
1753408	1753408	SIRcenter1pca0.0005
3698801	3698801	SIRcenter1pca0.0005
4351027	4351027	SIRcenter1pca0.0005
2136510	2136510	SIRcenter1pca0.0005
5135394	5135394	SIRcenter1pca0.0005
5525645	5525645	SIRcenter1pca0.0005
3515127	3515127	SIRcenter1pca0.0005
4590321	4590321	SIRcenter1pca0.0005
1492440	1492440	SIRcenter1pca0.0005
1769626	1769626	SIRcenter1pca0.0005
4113882	4113882	SIRcenter1pca0.0005
1803961	1803961	SIRcenter1pca0.0005
3684828	3684828	SIRcenter1pca0.0005
4687216	4687216	SIRcenter1pca0.0005
5540916	5540916	SIRcenter1pca0.0005
2141008	2141008	SIRcenter1pca0.0005
1583959	1583959	SIRcenter1pca0.0005
2159704	2159704	SIRcenter1pca0.0005
1247438	1247438	SIRcenter1pca0.0005
4436607	4436607	SIRcenter1pca0.0005
4336818	4336818	SIRcenter1pca0.0005
5463884	5463884	SIRcenter1pca0.0005
5281322	5281322	SIRcenter1pca0.0005
3706956	3706956	SIRcenter1pca0.0005
2461601	2461601	SIRcenter1pca0.0005
2691643	2691643	SIRcenter1pca0.0005
2488719	2488719	SIRcenter1pca0.0005
2450693	2450693	SIRcenter1pca0.0005
1044567	1044567	SIRcenter1pca0.0005
1148586	1148586	SIRcenter1pca0.0005
1421684	1421684	SIRcenter1pca0.0005
2897660	2897660	SIRcenter1pca0.0005
1108162	1108162	SIRcenter1pca0.0005
4315392	4315392	SIRcenter1pca0.0005
2713022	2713022	SIRcenter1pca0.0005
3419667	3419667	SIRcenter1pca0.0005
3081616	3081616	SIRcenter1pca0.0005
1844838	1844838	SIRcenter1pca0.0005
2343673	2343673	SIRcenter1pca0.0005
3591283	3591283	SIRcenter1pca0.0005
1332476	1332476	SIRcenter1pca0.0005
2724918	2724918	SIRcenter1pca0.0005
5684338	5684338	SIRcenter1pca0.0005
4980491	4980491	SIRcenter1pca0.0005
5727977	5727977	SIRcenter1pca0.0005
2845929	2845929	SIRcenter1pca0.0005
2414181	2414181	SIRcenter1pca0.0005
1096783	1096783	SIRcenter1pca0.0005
3029694	3029694	SIRcenter1pca0.0005
5795768	5795768	SIRcenter1pca0.0005
4050365	4050365	SIRcenter1pca0.0005
1898411	1898411	SIRcenter1pca0.0005
1723877	1723877	SIRcenter1pca0.0005
4303643	4303643	SIRcenter1pca0.0005
3792854	3792854	SIRcenter1pca0.0005
5378498	5378498	SIRcenter1pca0.0005
1813401	1813401	SIRcenter1pca0.0005
2725060	2725060	SIRcenter1pca0.0005
3941427	3941427	SIRcenter1pca0.0005
2911994	2911994	SIRcenter1pca0.0005
1112224	1112224	SIRcenter1pca0.0005
3699704	3699704	SIRcenter1pca0.0005
1817400	1817400	SIRcenter1pca0.0005
3889485	3889485	SIRcenter1pca0.0005
2265321	2265321	SIRcenter1pca0.0005
5177079	5177079	SIRcenter1pca0.0005
2225812	2225812	SIRcenter1pca0.0005
2118863	2118863	SIRcenter1pca0.0005
2228310	2228310	SIRcenter1pca0.0005
4421841	4421841	SIRcenter1pca0.0005
1124322	1124322	SIRcenter1pca0.0005
3664458	3664458	SIRcenter1pca0.0005
4089176	4089176	SIRcenter1pca0.0005
4455753	4455753	SIRcenter1pca0.0005
1561146	1561146	SIRcenter1pca0.0005
2917516	2917516	SIRcenter1pca0.0005
1369356	1369356	SIRcenter1pca0.0005
4406895	4406895	SIRcenter1pca0.0005
3838178	3838178	SIRcenter1pca0.0005
2065469	2065469	SIRcenter1pca0.0005
3132804	3132804	SIRcenter1pca0.0005
3421862	3421862	SIRcenter1pca0.0005
1011365	1011365	SIRcenter1pca0.0005
1303401	1303401	SIRcenter1pca0.0005
3661118	3661118	SIRcenter1pca0.0005
3828942	3828942	SIRcenter1pca0.0005
5455420	5455420	SIRcenter1pca0.0005
3271828	3271828	SIRcenter1pca0.0005
5306806	5306806	SIRcenter1pca0.0005
4457915	4457915	SIRcenter1pca0.0005
5287231	5287231	SIRcenter1pca0.0005
3935549	3935549	SIRcenter1pca0.0005
3095746	3095746	SIRcenter1pca0.0005
5700517	5700517	SIRcenter1pca0.0005
2941713	2941713	SIRcenter1pca0.0005
4204359	4204359	SIRcenter1pca0.0005
3471692	3471692	SIRcenter1pca0.0005
4582714	4582714	SIRcenter1pca0.0005
5751554	5751554	SIRcenter1pca0.0005
4300946	4300946	SIRcenter1pca0.0005
5386074	5386074	SIRcenter1pca0.0005
3287748	3287748	SIRcenter1pca0.0005
5346721	5346721	SIRcenter1pca0.0005
3006273	3006273	SIRcenter1pca0.0005
1210685	1210685	SIRcenter1pca0.0005
2109326	2109326	SIRcenter1pca0.0005
3094261	3094261	SIRcenter1pca0.0005
4164793	4164793	SIRcenter1pca0.0005
5919380	5919380	SIRcenter1pca0.0005
4215498	4215498	SIRcenter1pca0.0005
5116380	5116380	SIRcenter1pca0.0005
5148193	5148193	SIRcenter1pca0.0005
2585432	2585432	SIRcenter1pca0.0005
5181356	5181356	SIRcenter1pca0.0005
2308689	2308689	SIRcenter1pca0.0005
4724323	4724323	SIRcenter1pca0.0005
3639503	3639503	SIRcenter1pca0.0005
4416273	4416273	SIRcenter1pca0.0005
1479273	1479273	SIRcenter1pca0.0005
5114356	5114356	SIRcenter1pca0.0005
2787932	2787932	SIRcenter1pca0.0005
5006195	5006195	SIRcenter1pca0.0005
2179752	2179752	SIRcenter1pca0.0005
4600248	4600248	SIRcenter1pca0.0005
1702659	1702659	SIRcenter1pca0.0005
3191690	3191690	SIRcenter1pca0.0005
5407526	5407526	SIRcenter1pca0.0005
1558872	1558872	SIRcenter1pca0.0005
5552328	5552328	SIRcenter1pca0.0005
1046378	1046378	SIRcenter1pca0.0005
5672158	5672158	SIRcenter1pca0.0005
5100429	5100429	SIRcenter1pca0.0005
4613022	4613022	SIRcenter1pca0.0005
1516992	1516992	SIRcenter1pca0.0005
1443224	1443224	SIRcenter1pca0.0005
1746614	1746614	SIRcenter1pca0.0005
4188241	4188241	SIRcenter1pca0.0005
5457936	5457936	SIRcenter1pca0.0005
5001827	5001827	SIRcenter1pca0.0005
5007271	5007271	SIRcenter1pca0.0005
2291492	2291492	SIRcenter1pca0.0005
1585569	1585569	SIRcenter1pca0.0005
4890157	4890157	SIRcenter1pca0.0005
6020184	6020184	SIRcenter1pca0.0005
3862824	3862824	SIRcenter1pca0.0005
1486834	1486834	SIRcenter1pca0.0005
3413690	3413690	SIRcenter1pca0.0005
2303094	2303094	SIRcenter1pca0.0005
1245675	1245675	SIRcenter1pca0.0005
1966413	1966413	SIRcenter1pca0.0005
2111631	2111631	SIRcenter1pca0.0005
3980039	3980039	SIRcenter1pca0.0005
1529252	1529252	SIRcenter1pca0.0005
3356838	3356838	SIRcenter1pca0.0005
3984097	3984097	SIRcenter1pca0.0005
4310301	4310301	SIRcenter1pca0.0005
3064068	3064068	SIRcenter1pca0.0005
2199465	2199465	SIRcenter1pca0.0005
1195519	1195519	SIRcenter1pca0.0005
5713148	5713148	SIRcenter1pca0.0005
1118540	1118540	SIRcenter1pca0.0005
4851342	4851342	SIRcenter1pca0.0005
2400902	2400902	SIRcenter1pca0.0005
3413151	3413151	SIRcenter1pca0.0005
4451598	4451598	SIRcenter1pca0.0005
2183887	2183887	SIRcenter1pca0.0005
3740783	3740783	SIRcenter1pca0.0005
3315845	3315845	SIRcenter1pca0.0005
5534427	5534427	SIRcenter1pca0.0005
1015497	1015497	SIRcenter1pca0.0005
3925404	3925404	SIRcenter1pca0.0005
1270826	1270826	SIRcenter1pca0.0005
2900856	2900856	SIRcenter1pca0.0005
2447822	2447822	SIRcenter1pca0.0005
3480461	3480461	SIRcenter1pca0.0005
3887067	3887067	SIRcenter1pca0.0005
5571218	5571218	SIRcenter1pca0.0005
4714475	4714475	SIRcenter1pca0.0005
2173585	2173585	SIRcenter1pca0.0005
3714273	3714273	SIRcenter1pca0.0005
5772884	5772884	SIRcenter1pca0.0005
1148973	1148973	SIRcenter1pca0.0005
5044061	5044061	SIRcenter1pca0.0005
4723002	4723002	SIRcenter1pca0.0005
4123986	4123986	SIRcenter1pca0.0005
1736437	1736437	SIRcenter1pca0.0005
1521557	1521557	SIRcenter1pca0.0005
2086337	2086337	SIRcenter1pca0.0005
5446832	5446832	SIRcenter1pca0.0005
3447339	3447339	SIRcenter1pca0.0005
3582346	3582346	SIRcenter1pca0.0005
4207411	4207411	SIRcenter1pca0.0005
5428497	5428497	SIRcenter1pca0.0005
4488127	4488127	SIRcenter1pca0.0005
3170019	3170019	SIRcenter1pca0.0005
4985306	4985306	SIRcenter1pca0.0005
3478543	3478543	SIRcenter1pca0.0005
3524180	3524180	SIRcenter1pca0.0005
5050124	5050124	SIRcenter1pca0.0005
3762517	3762517	SIRcenter1pca0.0005
3353474	3353474	SIRcenter1pca0.0005
4779733	4779733	SIRcenter1pca0.0005
5461128	5461128	SIRcenter1pca0.0005
1069496	1069496	SIRcenter1pca0.0005
5148221	5148221	SIRcenter1pca0.0005
2442073	2442073	SIRcenter1pca0.0005
4277188	4277188	SIRcenter1pca0.0005
3617861	3617861	SIRcenter1pca0.0005
2543358	2543358	SIRcenter1pca0.0005
1894935	1894935	SIRcenter1pca0.0005
5663444	5663444	SIRcenter1pca0.0005
3650350	3650350	SIRcenter1pca0.0005
2174180	2174180	SIRcenter1pca0.0005
1565756	1565756	SIRcenter1pca0.0005
4614117	4614117	SIRcenter1pca0.0005
5418394	5418394	SIRcenter1pca0.0005
1349107	1349107	SIRcenter1pca0.0005
1923786	1923786	SIRcenter1pca0.0005
5251691	5251691	SIRcenter1pca0.0005
3115255	3115255	SIRcenter1pca0.0005
5719903	5719903	SIRcenter1pca0.0005
4087481	4087481	SIRcenter1pca0.0005
3393951	3393951	SIRcenter1pca0.0005
2836051	2836051	SIRcenter1pca0.0005
3253583	3253583	SIRcenter1pca0.0005
5060180	5060180	SIRcenter1pca0.0005
3791490	3791490	SIRcenter1pca0.0005
2168941	2168941	SIRcenter1pca0.0005
3319631	3319631	SIRcenter1pca0.0005
4190584	4190584	SIRcenter1pca0.0005
2691390	2691390	SIRcenter1pca0.0005
1267107	1267107	SIRcenter1pca0.0005
2564713	2564713	SIRcenter1pca0.0005
1112656	1112656	SIRcenter1pca0.0005
1306801	1306801	SIRcenter1pca0.0005
4445077	4445077	SIRcenter1pca0.0005
4040745	4040745	SIRcenter1pca0.0005
1640566	1640566	SIRcenter1pca0.0005
1582629	1582629	SIRcenter1pca0.0005
5735172	5735172	SIRcenter1pca0.0005
5312307	5312307	SIRcenter1pca0.0005
3052154	3052154	SIRcenter1pca0.0005
5243272	5243272	SIRcenter1pca0.0005
5502460	5502460	SIRcenter1pca0.0005
3186753	3186753	SIRcenter1pca0.0005
4234241	4234241	SIRcenter1pca0.0005
2840808	2840808	SIRcenter1pca0.0005
3025488	3025488	SIRcenter1pca0.0005
3695663	3695663	SIRcenter1pca0.0005
2441343	2441343	SIRcenter1pca0.0005
6021011	6021011	SIRcenter1pca0.0005
2061693	2061693	SIRcenter1pca0.0005
3349358	3349358	SIRcenter1pca0.0005
4827327	4827327	SIRcenter1pca0.0005
1805713	1805713	SIRcenter1pca0.0005
5416488	5416488	SIRcenter1pca0.0005
3163136	3163136	SIRcenter1pca0.0005
1216874	1216874	SIRcenter1pca0.0005
1872237	1872237	SIRcenter1pca0.0005
1150380	1150380	SIRcenter1pca0.0005
3683438	3683438	SIRcenter1pca0.0005
2487071	2487071	SIRcenter1pca0.0005
1778656	1778656	SIRcenter1pca0.0005
5177079	5177079	SIRcenter1pca0.0005
5565641	5565641	SIRcenter1pca0.0005
2367240	2367240	SIRcenter1pca0.0005
1136535	1136535	SIRcenter1pca0.0005
3726703	3726703	SIRcenter1pca0.0005
1095131	1095131	SIRcenter1pca0.0005
5648394	5648394	SIRcenter1pca0.0005
2038874	2038874	SIRcenter1pca0.0005
4823089	4823089	SIRcenter1pca0.0005
2759022	2759022	SIRcenter1pca0.0005
1461943	1461943	SIRcenter1pca0.0005
2308468	2308468	SIRcenter1pca0.0005
1426060	1426060	SIRcenter1pca0.0005
5956010	5956010	SIRcenter1pca0.0005
2436192	2436192	SIRcenter1pca0.0005
4370951	4370951	SIRcenter1pca0.0005
1115711	1115711	SIRcenter1pca0.0005
2500103	2500103	SIRcenter1pca0.0005
2434547	2434547	SIRcenter1pca0.0005
5714571	5714571	SIRcenter1pca0.0005
5857658	5857658	SIRcenter1pca0.0005
5001827	5001827	SIRcenter1pca0.0005
3395685	3395685	SIRcenter1pca0.0005
1911323	1911323	SIRcenter1pca0.0005
3067735	3067735	SIRcenter1pca0.0005
2768989	2768989	SIRcenter1pca0.0005
1548752	1548752	SIRcenter1pca0.0005
2917516	2917516	SIRcenter1pca0.0005
5977585	5977585	SIRcenter1pca0.0005
4371133	4371133	SIRcenter1pca0.0005
4610149	4610149	SIRcenter1pca0.0005
4119623	4119623	SIRcenter1pca0.0005
4736495	4736495	SIRcenter1pca0.0005
3416554	3416554	SIRcenter1pca0.0005
5276058	5276058	SIRcenter1pca0.0005
3457170	3457170	SIRcenter1pca0.0005
5051948	5051948	SIRcenter1pca0.0005
5046353	5046353	SIRcenter1pca0.0005
3950118	3950118	SIRcenter1pca0.0005
1504272	1504272	SIRcenter1pca0.0005
1713672	1713672	SIRcenter1pca0.0005
4256778	4256778	SIRcenter1pca0.0005
2928998	2928998	SIRcenter1pca0.0005
4595591	4595591	SIRcenter1pca0.0005
2699924	2699924	SIRcenter1pca0.0005
1297150	1297150	SIRcenter1pca0.0005
3675496	3675496	SIRcenter1pca0.0005
2846520	2846520	SIRcenter1pca0.0005
5620988	5620988	SIRcenter1pca0.0005
2152858	2152858	SIRcenter1pca0.0005
1495236	1495236	SIRcenter1pca0.0005
1238241	1238241	SIRcenter1pca0.0005
5402063	5402063	SIRcenter1pca0.0005
3712436	3712436	SIRcenter1pca0.0005
4257934	4257934	SIRcenter1pca0.0005
4002197	4002197	SIRcenter1pca0.0005
2079729	2079729	SIRcenter1pca0.0005
3893170	3893170	SIRcenter1pca0.0005
5620971	5620971	SIRcenter1pca0.0005
1184866	1184866	SIRcenter1pca0.0005
4526125	4526125	SIRcenter1pca0.0005
2949930	2949930	SIRcenter1pca0.0005
4224932	4224932	SIRcenter1pca0.0005
1400260	1400260	SIRcenter1pca0.0005
5189216	5189216	SIRcenter1pca0.0005
1322483	1322483	SIRcenter1pca0.0005
5660534	5660534	SIRcenter1pca0.0005
4077900	4077900	SIRcenter1pca0.0005
4269808	4269808	SIRcenter1pca0.0005
4120083	4120083	SIRcenter1pca0.0005
1360686	1360686	SIRcenter1pca0.0005
4512242	4512242	SIRcenter1pca0.0005
1179080	1179080	SIRcenter1pca0.0005
3930172	3930172	SIRcenter1pca0.0005
1339774	1339774	SIRcenter1pca0.0005
3689556	3689556	SIRcenter1pca0.0005
5448157	5448157	SIRcenter1pca0.0005
1394049	1394049	SIRcenter1pca0.0005
3520610	3520610	SIRcenter1pca0.0005
2412474	2412474	SIRcenter1pca0.0005
1016355	1016355	SIRcenter1pca0.0005
1051855	1051855	SIRcenter1pca0.0005
3128199	3128199	SIRcenter1pca0.0005
3827904	3827904	SIRcenter1pca0.0005
2285363	2285363	SIRcenter1pca0.0005
1535064	1535064	SIRcenter1pca0.0005
3690230	3690230	SIRcenter1pca0.0005
4756073	4756073	SIRcenter1pca0.0005
3080608	3080608	SIRcenter1pca0.0005
5112029	5112029	SIRcenter1pca0.0005
1797092	1797092	SIRcenter1pca0.0005
1608967	1608967	SIRcenter1pca0.0005
5141028	5141028	SIRcenter1pca0.0005
3900858	3900858	SIRcenter1pca0.0005
3366995	3366995	SIRcenter1pca0.0005
1597252	1597252	SIRcenter1pca0.0005
3221881	3221881	SIRcenter1pca0.0005
4313657	4313657	SIRcenter1pca0.0005
2643074	2643074	SIRcenter1pca0.0005
2638225	2638225	SIRcenter1pca0.0005
2360983	2360983	SIRcenter1pca0.0005
3271114	3271114	SIRcenter1pca0.0005
4247174	4247174	SIRcenter1pca0.0005
2995506	2995506	SIRcenter1pca0.0005
2718662	2718662	SIRcenter1pca0.0005
5787347	5787347	SIRcenter1pca0.0005
2663950	2663950	SIRcenter1pca0.0005
5110754	5110754	SIRcenter1pca0.0005
4201853	4201853	SIRcenter1pca0.0005
5381231	5381231	SIRcenter1pca0.0005
1856683	1856683	SIRcenter1pca0.0005
1468181	1468181	SIRcenter1pca0.0005
1068926	1068926	SIRcenter1pca0.0005
1203972	1203972	SIRcenter1pca0.0005
1192187	1192187	SIRcenter1pca0.0005
3267955	3267955	SIRcenter1pca0.0005
3675496	3675496	SIRcenter1pca0.0005
5753107	5753107	SIRcenter1pca0.0005
4618311	4618311	SIRcenter1pca0.0005
4372715	4372715	SIRcenter1pca0.0005
1901121	1901121	SIRcenter1pca0.0005
3910654	3910654	SIRcenter1pca0.0005
3107739	3107739	SIRcenter1pca0.0005
3112680	3112680	SIRcenter1pca0.0005
5857994	5857994	SIRcenter1pca0.0005
5996483	5996483	SIRcenter1pca0.0005
2139093	2139093	SIRcenter1pca0.0005
3435026	3435026	SIRcenter1pca0.0005
4758859	4758859	SIRcenter1pca0.0005
2477522	2477522	SIRcenter1pca0.0005
4201974	4201974	SIRcenter1pca0.0005
3314930	3314930	SIRcenter1pca0.0005
2407568	2407568	SIRcenter1pca0.0005
5768289	5768289	SIRcenter1pca0.0005
3780424	3780424	SIRcenter1pca0.0005
5330614	5330614	SIRcenter1pca0.0005
1594714	1594714	SIRcenter1pca0.0005
3049642	3049642	SIRcenter1pca0.0005
3885454	3885454	SIRcenter1pca0.0005
5154271	5154271	SIRcenter1pca0.0005
2731751	2731751	SIRcenter1pca0.0005
3095746	3095746	SIRcenter1pca0.0005
5105503	5105503	SIRcenter1pca0.0005
1816171	1816171	SIRcenter1pca0.0005
5175915	5175915	SIRcenter1pca0.0005
4451009	4451009	SIRcenter1pca0.0005
4038159	4038159	SIRcenter1pca0.0005
1248492	1248492	SIRcenter1pca0.0005
4167526	4167526	SIRcenter1pca0.0005
5286260	5286260	SIRcenter1pca0.0005
3365506	3365506	SIRcenter1pca0.0005
1344274	1344274	SIRcenter1pca0.0005
5654162	5654162	SIRcenter1pca0.0005
3316595	3316595	SIRcenter1pca0.0005
1670946	1670946	SIRcenter1pca0.0005
4843882	4843882	SIRcenter1pca0.0005
5967221	5967221	SIRcenter1pca0.0005
2370450	2370450	SIRcenter1pca0.0005
2885657	2885657	SIRcenter1pca0.0005
2031554	2031554	SIRcenter1pca0.0005
1902857	1902857	SIRcenter1pca0.0005
1645714	1645714	SIRcenter1pca0.0005
3424557	3424557	SIRcenter1pca0.0005
4858392	4858392	SIRcenter1pca0.0005
3521711	3521711	SIRcenter1pca0.0005
1213199	1213199	SIRcenter1pca0.0005
2497764	2497764	SIRcenter1pca0.0005
5134459	5134459	SIRcenter1pca0.0005
1607137	1607137	SIRcenter1pca0.0005
5469840	5469840	SIRcenter1pca0.0005
3597656	3597656	SIRcenter1pca0.0005
3428869	3428869	SIRcenter1pca0.0005
5693568	5693568	SIRcenter1pca0.0005
1841444	1841444	SIRcenter1pca0.0005
1706088	1706088	SIRcenter1pca0.0005
3166693	3166693	SIRcenter1pca0.0005
1130133	1130133	SIRcenter1pca0.0005
3307271	3307271	SIRcenter1pca0.0005
1731830	1731830	SIRcenter1pca0.0005
6014810	6014810	SIRcenter1pca0.0005
5160669	5160669	SIRcenter1pca0.0005
5539135	5539135	SIRcenter1pca0.0005
4196214	4196214	SIRcenter1pca0.0005
2245846	2245846	SIRcenter1pca0.0005
2123505	2123505	SIRcenter1pca0.0005
1961405	1961405	SIRcenter1pca0.0005
3965082	3965082	SIRcenter1pca0.0005
5100429	5100429	SIRcenter1pca0.0005
3489474	3489474	SIRcenter1pca0.0005
5341252	5341252	SIRcenter1pca0.0005
5728685	5728685	SIRcenter1pca0.0005
1439467	1439467	SIRcenter1pca0.0005
4478304	4478304	SIRcenter1pca0.0005
3396612	3396612	SIRcenter1pca0.0005
3625707	3625707	SIRcenter1pca0.0005
5739719	5739719	SIRcenter1pca0.0005
3133137	3133137	SIRcenter1pca0.0005
4148752	4148752	SIRcenter1pca0.0005
3284871	3284871	SIRcenter1pca0.0005
5282157	5282157	SIRcenter1pca0.0005
1374307	1374307	SIRcenter1pca0.0005
2928543	2928543	SIRcenter1pca0.0005
2677381	2677381	SIRcenter1pca0.0005
3454653	3454653	SIRcenter1pca0.0005
4657244	4657244	SIRcenter1pca0.0005
3172737	3172737	SIRcenter1pca0.0005
1574631	1574631	SIRcenter1pca0.0005
3619592	3619592	SIRcenter1pca0.0005
1249816	1249816	SIRcenter1pca0.0005
5055674	5055674	SIRcenter1pca0.0005
3399087	3399087	SIRcenter1pca0.0005
5857994	5857994	SIRcenter1pca0.0005
2366274	2366274	SIRcenter1pca0.0005
2162514	2162514	SIRcenter1pca0.0005
2191479	2191479	SIRcenter1pca0.0005
5476567	5476567	SIRcenter1pca0.0005
5360299	5360299	SIRcenter1pca0.0005
3716544	3716544	SIRcenter1pca0.0005
1721399	1721399	SIRcenter1pca0.0005
5131952	5131952	SIRcenter1pca0.0005
5285261	5285261	SIRcenter1pca0.0005
1036373	1036373	SIRcenter1pca0.0005
2472541	2472541	SIRcenter1pca0.0005
3429839	3429839	SIRcenter1pca0.0005
2155592	2155592	SIRcenter1pca0.0005
5635410	5635410	SIRcenter1pca0.0005
5961463	5961463	SIRcenter1pca0.0005
2923630	2923630	SIRcenter1pca0.0005
2777397	2777397	SIRcenter1pca0.0005
4300006	4300006	SIRcenter1pca0.0005
3568412	3568412	SIRcenter1pca0.0005
1508772	1508772	SIRcenter1pca0.0005
5851423	5851423	SIRcenter1pca0.0005
3336480	3336480	SIRcenter1pca0.0005
2040663	2040663	SIRcenter1pca0.0005
2278128	2278128	SIRcenter1pca0.0005
4192199	4192199	SIRcenter1pca0.0005
3294868	3294868	SIRcenter1pca0.0005
1646286	1646286	SIRcenter1pca0.0005
5324826	5324826	SIRcenter1pca0.0005
1633743	1633743	SIRcenter1pca0.0005
4419869	4419869	SIRcenter1pca0.0005
4880995	4880995	SIRcenter1pca0.0005
2624283	2624283	SIRcenter1pca0.0005
1130523	1130523	SIRcenter1pca0.0005
2467449	2467449	SIRcenter1pca0.0005
2085404	2085404	SIRcenter1pca0.0005
1231431	1231431	SIRcenter1pca0.0005
1720271	1720271	SIRcenter1pca0.0005
5583574	5583574	SIRcenter1pca0.0005
5411419	5411419	SIRcenter1pca0.0005
4295215	4295215	SIRcenter1pca0.0005
2048544	2048544	SIRcenter1pca0.0005
2429859	2429859	SIRcenter1pca0.0005
2731903	2731903	SIRcenter1pca0.0005
1917691	1917691	SIRcenter1pca0.0005
3888865	3888865	SIRcenter1pca0.0005
3114069	3114069	SIRcenter1pca0.0005
2057089	2057089	SIRcenter1pca0.0005
2959373	2959373	SIRcenter1pca0.0005
1451691	1451691	SIRcenter1pca0.0005
4771612	4771612	SIRcenter1pca0.0005
5362344	5362344	SIRcenter1pca0.0005
3384016	3384016	SIRcenter1pca0.0005
1319202	1319202	SIRcenter1pca0.0005
2600979	2600979	SIRcenter1pca0.0005
1775108	1775108	SIRcenter1pca0.0005
4299836	4299836	SIRcenter1pca0.0005
2343119	2343119	SIRcenter1pca0.0005
3467182	3467182	SIRcenter1pca0.0005
3767340	3767340	SIRcenter1pca0.0005
2194785	2194785	SIRcenter1pca0.0005
2926920	2926920	SIRcenter1pca0.0005
4842996	4842996	SIRcenter1pca0.0005
1720862	1720862	SIRcenter1pca0.0005
2319037	2319037	SIRcenter1pca0.0005
1669793	1669793	SIRcenter1pca0.0005
2825765	2825765	SIRcenter1pca0.0005
3843497	3843497	SIRcenter1pca0.0005
2151336	2151336	SIRcenter1pca0.0005
1716993	1716993	SIRcenter1pca0.0005
5559832	5559832	SIRcenter1pca0.0005
2501896	2501896	SIRcenter1pca0.0005
2469883	2469883	SIRcenter1pca0.0005
4222436	4222436	SIRcenter1pca0.0005
3631873	3631873	SIRcenter1pca0.0005
5804023	5804023	SIRcenter1pca0.0005
5037570	5037570	SIRcenter1pca0.0005
4474619	4474619	SIRcenter1pca0.0005
3193746	3193746	SIRcenter1pca0.0005
2590661	2590661	SIRcenter1pca0.0005
3816412	3816412	SIRcenter1pca0.0005
5281390	5281390	SIRcenter1pca0.0005
5400176	5400176	SIRcenter1pca0.0005
3844055	3844055	SIRcenter1pca0.0005
5943659	5943659	SIRcenter1pca0.0005
2924916	2924916	SIRcenter1pca0.0005
2385117	2385117	SIRcenter1pca0.0005
4221619	4221619	SIRcenter1pca0.0005
1697216	1697216	SIRcenter1pca0.0005
1249532	1249532	SIRcenter1pca0.0005
2161942	2161942	SIRcenter1pca0.0005
4507461	4507461	SIRcenter1pca0.0005
3237394	3237394	SIRcenter1pca0.0005
4999839	4999839	SIRcenter1pca0.0005
3302484	3302484	SIRcenter1pca0.0005
1741799	1741799	SIRcenter1pca0.0005
4738959	4738959	SIRcenter1pca0.0005
1495415	1495415	SIRcenter1pca0.0005
5620007	5620007	SIRcenter1pca0.0005
1826720	1826720	SIRcenter1pca0.0005
4209830	4209830	SIRcenter1pca0.0005
2372378	2372378	SIRcenter1pca0.0005
4038707	4038707	SIRcenter1pca0.0005
1605084	1605084	SIRcenter1pca0.0005
4309976	4309976	SIRcenter1pca0.0005
4048581	4048581	SIRcenter1pca0.0005
2621247	2621247	SIRcenter1pca0.0005
2441343	2441343	SIRcenter1pca0.0005
5027210	5027210	SIRcenter1pca0.0005
3510134	3510134	SIRcenter1pca0.0005
5077278	5077278	SIRcenter1pca0.0005
3841393	3841393	SIRcenter1pca0.0005
3194712	3194712	SIRcenter1pca0.0005
4420969	4420969	SIRcenter1pca0.0005
2476825	2476825	SIRcenter1pca0.0005
4415208	4415208	SIRcenter1pca0.0005
2175372	2175372	SIRcenter1pca0.0005
1469201	1469201	SIRcenter1pca0.0005
1980850	1980850	SIRcenter1pca0.0005
5118900	5118900	SIRcenter1pca0.0005
4615230	4615230	SIRcenter1pca0.0005
2673792	2673792	SIRcenter1pca0.0005
4247393	4247393	SIRcenter1pca0.0005
2489925	2489925	SIRcenter1pca0.0005
4227553	4227553	SIRcenter1pca0.0005
3259020	3259020	SIRcenter1pca0.0005
3593254	3593254	SIRcenter1pca0.0005
2194785	2194785	SIRcenter1pca0.0005
2829584	2829584	SIRcenter1pca0.0005
2595008	2595008	SIRcenter1pca0.0005
1413449	1413449	SIRcenter1pca0.0005
3847829	3847829	SIRcenter1pca0.0005
4865634	4865634	SIRcenter1pca0.0005
3115318	3115318	SIRcenter1pca0.0005
5596405	5596405	SIRcenter1pca0.0005
1805959	1805959	SIRcenter1pca0.0005
1101997	1101997	SIRcenter1pca0.0005
3663916	3663916	SIRcenter1pca0.0005
5607695	5607695	SIRcenter1pca0.0005
4494327	4494327	SIRcenter1pca0.0005
1652583	1652583	SIRcenter1pca0.0005
1574884	1574884	SIRcenter1pca0.0005
2697369	2697369	SIRcenter1pca0.0005
4524163	4524163	SIRcenter1pca0.0005
4346194	4346194	SIRcenter1pca0.0005
3034824	3034824	SIRcenter1pca0.0005
5573823	5573823	SIRcenter1pca0.0005
3547501	3547501	SIRcenter1pca0.0005
3239133	3239133	SIRcenter1pca0.0005
1288037	1288037	SIRcenter1pca0.0005
4239710	4239710	SIRcenter1pca0.0005
5249219	5249219	SIRcenter1pca0.0005
1039627	1039627	SIRcenter1pca0.0005
2413479	2413479	SIRcenter1pca0.0005
5332330	5332330	SIRcenter1pca0.0005
2771296	2771296	SIRcenter1pca0.0005
5774454	5774454	SIRcenter1pca0.0005
5715150	5715150	SIRcenter1pca0.0005
4365775	4365775	SIRcenter1pca0.0005
4046969	4046969	SIRcenter1pca0.0005
5977585	5977585	SIRcenter1pca0.0005
5021402	5021402	SIRcenter1pca0.0005
5225321	5225321	SIRcenter1pca0.0005
2470766	2470766	SIRcenter1pca0.0005
3745411	3745411	SIRcenter1pca0.0005
5585977	5585977	SIRcenter1pca0.0005
3935697	3935697	SIRcenter1pca0.0005
3857413	3857413	SIRcenter1pca0.0005
3633144	3633144	SIRcenter1pca0.0005
1502283	1502283	SIRcenter1pca0.0005
4560094	4560094	SIRcenter1pca0.0005
5591187	5591187	SIRcenter1pca0.0005
5750125	5750125	SIRcenter1pca0.0005
1248744	1248744	SIRcenter1pca0.0005
5397040	5397040	SIRcenter1pca0.0005
4124422	4124422	SIRcenter1pca0.0005
3164559	3164559	SIRcenter1pca0.0005
1251532	1251532	SIRcenter1pca0.0005
5369471	5369471	SIRcenter1pca0.0005
1134575	1134575	SIRcenter1pca0.0005
2596208	2596208	SIRcenter1pca0.0005
1042103	1042103	SIRcenter1pca0.0005
3101387	3101387	SIRcenter1pca0.0005
1568069	1568069	SIRcenter1pca0.0005
3239133	3239133	SIRcenter1pca0.0005
3607261	3607261	SIRcenter1pca0.0005
2452310	2452310	SIRcenter1pca0.0005
4299228	4299228	SIRcenter1pca0.0005
4685069	4685069	SIRcenter1pca0.0005
1860231	1860231	SIRcenter1pca0.0005
5778135	5778135	SIRcenter1pca0.0005
5310549	5310549	SIRcenter1pca0.0005
2420882	2420882	SIRcenter1pca0.0005
1423831	1423831	SIRcenter1pca0.0005
5980625	5980625	SIRcenter1pca0.0005
2554564	2554564	SIRcenter1pca0.0005
1947149	1947149	SIRcenter1pca0.0005
4057584	4057584	SIRcenter1pca0.0005
5599227	5599227	SIRcenter1pca0.0005
5269996	5269996	SIRcenter1pca0.0005
5193849	5193849	SIRcenter1pca0.0005
5716834	5716834	SIRcenter1pca0.0005
1283349	1283349	SIRcenter1pca0.0005
2510410	2510410	SIRcenter1pca0.0005
5483717	5483717	SIRcenter1pca0.0005
5476823	5476823	SIRcenter1pca0.0005
4713371	4713371	SIRcenter1pca0.0005
5274396	5274396	SIRcenter1pca0.0005
5182950	5182950	SIRcenter1pca0.0005
5335121	5335121	SIRcenter1pca0.0005
1017977	1017977	SIRcenter1pca0.0005
3370297	3370297	SIRcenter1pca0.0005
1408497	1408497	SIRcenter1pca0.0005
4193226	4193226	SIRcenter1pca0.0005
2761551	2761551	SIRcenter1pca0.0005
3801786	3801786	SIRcenter1pca0.0005
1518744	1518744	SIRcenter1pca0.0005
1290488	1290488	SIRcenter1pca0.0005
4503136	4503136	SIRcenter1pca0.0005
3175679	3175679	SIRcenter1pca0.0005
4844769	4844769	SIRcenter1pca0.0005
5987738	5987738	SIRcenter1pca0.0005
5580991	5580991	SIRcenter1pca0.0005
4500301	4500301	SIRcenter1pca0.0005
1789945	1789945	SIRcenter1pca0.0005
4219785	4219785	SIRcenter1pca0.0005
5967723	5967723	SIRcenter1pca0.0005
5350523	5350523	SIRcenter1pca0.0005
3958389	3958389	SIRcenter1pca0.0005
1095281	1095281	SIRcenter1pca0.0005
4901502	4901502	SIRcenter1pca0.0005
2464665	2464665	SIRcenter1pca0.0005
4173565	4173565	SIRcenter1pca0.0005
3088790	3088790	SIRcenter1pca0.0005
1498533	1498533	SIRcenter1pca0.0005
3472213	3472213	SIRcenter1pca0.0005
1922902	1922902	SIRcenter1pca0.0005
5942658	5942658	SIRcenter1pca0.0005
4607089	4607089	SIRcenter1pca0.0005
3048534	3048534	SIRcenter1pca0.0005
3555359	3555359	SIRcenter1pca0.0005
1600479	1600479	SIRcenter1pca0.0005
4520826	4520826	SIRcenter1pca0.0005
4819458	4819458	SIRcenter1pca0.0005
1714969	1714969	SIRcenter1pca0.0005
3561576	3561576	SIRcenter1pca0.0005
1331504	1331504	SIRcenter1pca0.0005
5914235	5914235	SIRcenter1pca0.0005
4719596	4719596	SIRcenter1pca0.0005
4313657	4313657	SIRcenter1pca0.0005
3888865	3888865	SIRcenter1pca0.0005
4966390	4966390	SIRcenter1pca0.0005
1521114	1521114	SIRcenter1pca0.0005
3826125	3826125	SIRcenter1pca0.0005
1464795	1464795	SIRcenter1pca0.0005
4189838	4189838	SIRcenter1pca0.0005
5612402	5612402	SIRcenter1pca0.0005
4176027	4176027	SIRcenter1pca0.0005
3356838	3356838	SIRcenter1pca0.0005
4287783	4287783	SIRcenter1pca0.0005
4690012	4690012	SIRcenter1pca0.0005
3743858	3743858	SIRcenter1pca0.0005
4360894	4360894	SIRcenter1pca0.0005
1150805	1150805	SIRcenter1pca0.0005
2087181	2087181	SIRcenter1pca0.0005
1882796	1882796	SIRcenter1pca0.0005
2787101	2787101	SIRcenter1pca0.0005
2662938	2662938	SIRcenter1pca0.0005
5522384	5522384	SIRcenter1pca0.0005
3169142	3169142	SIRcenter1pca0.0005
2037510	2037510	SIRcenter1pca0.0005
4208157	4208157	SIRcenter1pca0.0005
4148323	4148323	SIRcenter1pca0.0005
5967030	5967030	SIRcenter1pca0.0005
1831263	1831263	SIRcenter1pca0.0005
3479065	3479065	SIRcenter1pca0.0005
4964197	4964197	SIRcenter1pca0.0005
5599227	5599227	SIRcenter1pca0.0005
1389485	1389485	SIRcenter1pca0.0005
3876467	3876467	SIRcenter1pca0.0005
4393533	4393533	SIRcenter1pca0.0005
5358814	5358814	SIRcenter1pca0.0005
4048221	4048221	SIRcenter1pca0.0005
1000164	1000164	SIRcenter1pca0.0005
4486508	4486508	SIRcenter1pca0.0005
5573823	5573823	SIRcenter1pca0.0005
4820722	4820722	SIRcenter1pca0.0005
4105732	4105732	SIRcenter1pca0.0005
2049603	2049603	SIRcenter1pca0.0005
5666112	5666112	SIRcenter1pca0.0005
5511699	5511699	SIRcenter1pca0.0005
4626260	4626260	SIRcenter1pca0.0005
5426633	5426633	SIRcenter1pca0.0005
3509205	3509205	SIRcenter1pca0.0005
1302964	1302964	SIRcenter1pca0.0005
2725541	2725541	SIRcenter1pca0.0005
4547376	4547376	SIRcenter1pca0.0005
4199908	4199908	SIRcenter1pca0.0005
2504834	2504834	SIRcenter1pca0.0005
2348905	2348905	SIRcenter1pca0.0005
3548217	3548217	SIRcenter1pca0.0005
1515778	1515778	SIRcenter1pca0.0005
2837028	2837028	SIRcenter1pca0.0005
4587905	4587905	SIRcenter1pca0.0005
3810839	3810839	SIRcenter1pca0.0005
2512179	2512179	SIRcenter1pca0.0005
4029348	4029348	SIRcenter1pca0.0005
1769644	1769644	SIRcenter1pca0.0005
3744507	3744507	SIRcenter1pca0.0005
5716048	5716048	SIRcenter1pca0.0005
3109956	3109956	SIRcenter1pca0.0005
5206403	5206403	SIRcenter1pca0.0005
2097942	2097942	SIRcenter1pca0.0005
1800907	1800907	SIRcenter1pca0.0005
5609375	5609375	SIRcenter1pca0.0005
4460129	4460129	SIRcenter1pca0.0005
1560023	1560023	SIRcenter1pca0.0005
4494648	4494648	SIRcenter1pca0.0005
4906158	4906158	SIRcenter1pca0.0005
4062158	4062158	SIRcenter1pca0.0005
3542746	3542746	SIRcenter1pca0.0005
4899745	4899745	SIRcenter1pca0.0005
5747715	5747715	SIRcenter1pca0.0005
1635973	1635973	SIRcenter1pca0.0005
5776230	5776230	SIRcenter1pca0.0005
2101134	2101134	SIRcenter1pca0.0005
2985224	2985224	SIRcenter1pca0.0005
3992370	3992370	SIRcenter1pca0.0005
1276686	1276686	SIRcenter1pca0.0005
5978873	5978873	SIRcenter1pca0.0005
1776312	1776312	SIRcenter1pca0.0005
2951791	2951791	SIRcenter1pca0.0005
5717240	5717240	SIRcenter1pca0.0005
3583371	3583371	SIRcenter1pca0.0005
2015839	2015839	SIRcenter1pca0.0005
2160567	2160567	SIRcenter1pca0.0005
4818690	4818690	SIRcenter1pca0.0005
3750477	3750477	SIRcenter1pca0.0005
2751343	2751343	SIRcenter1pca0.0005
5805967	5805967	SIRcenter1pca0.0005
3163604	3163604	SIRcenter1pca0.0005
1614135	1614135	SIRcenter1pca0.0005
2914545	2914545	SIRcenter1pca0.0005
1953691	1953691	SIRcenter1pca0.0005
4419213	4419213	SIRcenter1pca0.0005
3634826	3634826	SIRcenter1pca0.0005
3929214	3929214	SIRcenter1pca0.0005
5645078	5645078	SIRcenter1pca0.0005
5061673	5061673	SIRcenter1pca0.0005
5961292	5961292	SIRcenter1pca0.0005
3587654	3587654	SIRcenter1pca0.0005
2164423	2164423	SIRcenter1pca0.0005
4665924	4665924	SIRcenter1pca0.0005
3745363	3745363	SIRcenter1pca0.0005
1020942	1020942	SIRcenter1pca0.0005
5296281	5296281	SIRcenter1pca0.0005
1840820	1840820	SIRcenter1pca0.0005
4299681	4299681	SIRcenter1pca0.0005
2427389	2427389	SIRcenter1pca0.0005
1574884	1574884	SIRcenter1pca0.0005
4501798	4501798	SIRcenter1pca0.0005
5158417	5158417	SIRcenter1pca0.0005
4710081	4710081	SIRcenter1pca0.0005
1161142	1161142	SIRcenter1pca0.0005
6011167	6011167	SIRcenter1pca0.0005
2256290	2256290	SIRcenter1pca0.0005
3397571	3397571	SIRcenter1pca0.0005
1868293	1868293	SIRcenter1pca0.0005
1073265	1073265	SIRcenter1pca0.0005
1280232	1280232	SIRcenter1pca0.0005
2006266	2006266	SIRcenter1pca0.0005
1749710	1749710	SIRcenter1pca0.0005
3196558	3196558	SIRcenter1pca0.0005
5210219	5210219	SIRcenter1pca0.0005
3744507	3744507	SIRcenter1pca0.0005
5726296	5726296	SIRcenter1pca0.0005
5119121	5119121	SIRcenter1pca0.0005
1134191	1134191	SIRcenter1pca0.0005
4923317	4923317	SIRcenter1pca0.0005
5852111	5852111	SIRcenter1pca0.0005
1359956	1359956	SIRcenter1pca0.0005
1934104	1934104	SIRcenter1pca0.0005
4487997	4487997	SIRcenter1pca0.0005
3703940	3703940	SIRcenter1pca0.0005
1833217	1833217	SIRcenter1pca0.0005
4755991	4755991	SIRcenter1pca0.0005
2045474	2045474	SIRcenter1pca0.0005
1255278	1255278	SIRcenter1pca0.0005
4955270	4955270	SIRcenter1pca0.0005
3518192	3518192	SIRcenter1pca0.0005
1706020	1706020	SIRcenter1pca0.0005
1095281	1095281	SIRcenter1pca0.0005
5906965	5906965	SIRcenter1pca0.0005
4159976	4159976	SIRcenter1pca0.0005
3447646	3447646	SIRcenter1pca0.0005
1060468	1060468	SIRcenter1pca0.0005
1000549	1000549	SIRcenter1pca0.0005
3353180	3353180	SIRcenter1pca0.0005
1338122	1338122	SIRcenter1pca0.0005
3608422	3608422	SIRcenter1pca0.0005
1435781	1435781	SIRcenter1pca0.0005
5402992	5402992	SIRcenter1pca0.0005
3100694	3100694	SIRcenter1pca0.0005
3468326	3468326	SIRcenter1pca0.0005
5451205	5451205	SIRcenter1pca0.0005
5382318	5382318	SIRcenter1pca0.0005
3035680	3035680	SIRcenter1pca0.0005
5346782	5346782	SIRcenter1pca0.0005
2743929	2743929	SIRcenter1pca0.0005
3207193	3207193	SIRcenter1pca0.0005
4204541	4204541	SIRcenter1pca0.0005
5685050	5685050	SIRcenter1pca0.0005
4908806	4908806	SIRcenter1pca0.0005
3034061	3034061	SIRcenter1pca0.0005
4993307	4993307	SIRcenter1pca0.0005
2848769	2848769	SIRcenter1pca0.0005
1091679	1091679	SIRcenter1pca0.0005
5574809	5574809	SIRcenter1pca0.0005
4560435	4560435	SIRcenter1pca0.0005
2087426	2087426	SIRcenter1pca0.0005
2090325	2090325	SIRcenter1pca0.0005
3172741	3172741	SIRcenter1pca0.0005
2245846	2245846	SIRcenter1pca0.0005
2106473	2106473	SIRcenter1pca0.0005
4053941	4053941	SIRcenter1pca0.0005
2526348	2526348	SIRcenter1pca0.0005
1472473	1472473	SIRcenter1pca0.0005
4361103	4361103	SIRcenter1pca0.0005
4797608	4797608	SIRcenter1pca0.0005
4888627	4888627	SIRcenter1pca0.0005
3449899	3449899	SIRcenter1pca0.0005
4068050	4068050	SIRcenter1pca0.0005
5323469	5323469	SIRcenter1pca0.0005
1235737	1235737	SIRcenter1pca0.0005
3006503	3006503	SIRcenter1pca0.0005
4513455	4513455	SIRcenter1pca0.0005
3601195	3601195	SIRcenter1pca0.0005
1232361	1232361	SIRcenter1pca0.0005
2764413	2764413	SIRcenter1pca0.0005
1660184	1660184	SIRcenter1pca0.0005
3876558	3876558	SIRcenter1pca0.0005
5260293	5260293	SIRcenter1pca0.0005
5600175	5600175	SIRcenter1pca0.0005
2854923	2854923	SIRcenter1pca0.0005
4517879	4517879	SIRcenter1pca0.0005
4615682	4615682	SIRcenter1pca0.0005
1416685	1416685	SIRcenter1pca0.0005
5175312	5175312	SIRcenter1pca0.0005
1926131	1926131	SIRcenter1pca0.0005
2879687	2879687	SIRcenter1pca0.0005
5016817	5016817	SIRcenter1pca0.0005
3551079	3551079	SIRcenter1pca0.0005
2848769	2848769	SIRcenter1pca0.0005
2013781	2013781	SIRcenter1pca0.0005
4331034	4331034	SIRcenter1pca0.0005
3612743	3612743	SIRcenter1pca0.0005
3994947	3994947	SIRcenter1pca0.0005
3766409	3766409	SIRcenter1pca0.0005
5774138	5774138	SIRcenter1pca0.0005
5954127	5954127	SIRcenter1pca0.0005
3794562	3794562	SIRcenter1pca0.0005
5241431	5241431	SIRcenter1pca0.0005
5288385	5288385	SIRcenter1pca0.0005
3992966	3992966	SIRcenter1pca0.0005
5999797	5999797	SIRcenter1pca0.0005
2501840	2501840	SIRcenter1pca0.0005
2073606	2073606	SIRcenter1pca0.0005
2094159	2094159	SIRcenter1pca0.0005
1195519	1195519	SIRcenter1pca0.0005
2324014	2324014	SIRcenter1pca0.0005
2767594	2767594	SIRcenter1pca0.0005
2198241	2198241	SIRcenter1pca0.0005
3135128	3135128	SIRcenter1pca0.0005
3281803	3281803	SIRcenter1pca0.0005
3635281	3635281	SIRcenter1pca0.0005
2414542	2414542	SIRcenter1pca0.0005
3647219	3647219	SIRcenter1pca0.0005
3998440	3998440	SIRcenter1pca0.0005
2301673	2301673	SIRcenter1pca0.0005
3233676	3233676	SIRcenter1pca0.0005
2082648	2082648	SIRcenter1pca0.0005
5362490	5362490	SIRcenter1pca0.0005
4963543	4963543	SIRcenter1pca0.0005
2415849	2415849	SIRcenter1pca0.0005
5006195	5006195	SIRcenter1pca0.0005
5968923	5968923	SIRcenter1pca0.0005
1600150	1600150	SIRcenter1pca0.0005
3820379	3820379	SIRcenter1pca0.0005
3933682	3933682	SIRcenter1pca0.0005
1625028	1625028	SIRcenter1pca0.0005
4981062	4981062	SIRcenter1pca0.0005
4773145	4773145	SIRcenter1pca0.0005
5345324	5345324	SIRcenter1pca0.0005
3903863	3903863	SIRcenter1pca0.0005
5834224	5834224	SIRcenter1pca0.0005
5323886	5323886	SIRcenter1pca0.0005
5573183	5573183	SIRcenter1pca0.0005
1253507	1253507	SIRcenter1pca0.0005
2923630	2923630	SIRcenter1pca0.0005
5532038	5532038	SIRcenter1pca0.0005
2066753	2066753	SIRcenter1pca0.0005
4818690	4818690	SIRcenter1pca0.0005
2517901	2517901	SIRcenter1pca0.0005
2174425	2174425	SIRcenter1pca0.0005
1992550	1992550	SIRcenter1pca0.0005
2333255	2333255	SIRcenter1pca0.0005
4580010	4580010	SIRcenter1pca0.0005
3455030	3455030	SIRcenter1pca0.0005
4377081	4377081	SIRcenter1pca0.0005
3687334	3687334	SIRcenter1pca0.0005
3523982	3523982	SIRcenter1pca0.0005
5185330	5185330	SIRcenter1pca0.0005
2275021	2275021	SIRcenter1pca0.0005
4346194	4346194	SIRcenter1pca0.0005
2124509	2124509	SIRcenter1pca0.0005
2083187	2083187	SIRcenter1pca0.0005
1367113	1367113	SIRcenter1pca0.0005
4952152	4952152	SIRcenter1pca0.0005
4545625	4545625	SIRcenter1pca0.0005
5604486	5604486	SIRcenter1pca0.0005
5703438	5703438	SIRcenter1pca0.0005
2450693	2450693	SIRcenter1pca0.0005
4797608	4797608	SIRcenter1pca0.0005
4498778	4498778	SIRcenter1pca0.0005
3461979	3461979	SIRcenter1pca0.0005
2404422	2404422	SIRcenter1pca0.0005
3073770	3073770	SIRcenter1pca0.0005
3616694	3616694	SIRcenter1pca0.0005
3712126	3712126	SIRcenter1pca0.0005
3205752	3205752	SIRcenter1pca0.0005
1139564	1139564	SIRcenter1pca0.0005
4516996	4516996	SIRcenter1pca0.0005
4589392	4589392	SIRcenter1pca0.0005
2517771	2517771	SIRcenter1pca0.0005
3316527	3316527	SIRcenter1pca0.0005
1211375	1211375	SIRcenter1pca0.0005
3868488	3868488	SIRcenter1pca0.0005
3251399	3251399	SIRcenter1pca0.0005
3067617	3067617	SIRcenter1pca0.0005
5681170	5681170	SIRcenter1pca0.0005
4413349	4413349	SIRcenter1pca0.0005
5410467	5410467	SIRcenter1pca0.0005
2373819	2373819	SIRcenter1pca0.0005
1427356	1427356	SIRcenter1pca0.0005
2159455	2159455	SIRcenter1pca0.0005
5462281	5462281	SIRcenter1pca0.0005
1739438	1739438	SIRcenter1pca0.0005
5841164	5841164	SIRcenter1pca0.0005
5451205	5451205	SIRcenter1pca0.0005
2207768	2207768	SIRcenter1pca0.0005
1702243	1702243	SIRcenter1pca0.0005
4101794	4101794	SIRcenter1pca0.0005
5031836	5031836	SIRcenter1pca0.0005
5231665	5231665	SIRcenter1pca0.0005
4969102	4969102	SIRcenter1pca0.0005
2677381	2677381	SIRcenter1pca0.0005
2785778	2785778	SIRcenter1pca0.0005
2207768	2207768	SIRcenter1pca0.0005
3337056	3337056	SIRcenter1pca0.0005
2271697	2271697	SIRcenter1pca0.0005
1794761	1794761	SIRcenter1pca0.0005
1680062	1680062	SIRcenter1pca0.0005
4612664	4612664	SIRcenter1pca0.0005
5245643	5245643	SIRcenter1pca0.0005
2445119	2445119	SIRcenter1pca0.0005
4124686	4124686	SIRcenter1pca0.0005
4310068	4310068	SIRcenter1pca0.0005
2681963	2681963	SIRcenter1pca0.0005
4028774	4028774	SIRcenter1pca0.0005
4113181	4113181	SIRcenter1pca0.0005
4282273	4282273	SIRcenter1pca0.0005
1579042	1579042	SIRcenter1pca0.0005
5917397	5917397	SIRcenter1pca0.0005
1599297	1599297	SIRcenter1pca0.0005
2388417	2388417	SIRcenter1pca0.0005
2027467	2027467	SIRcenter1pca0.0005
1260620	1260620	SIRcenter1pca0.0005
5441633	5441633	SIRcenter1pca0.0005
1393236	1393236	SIRcenter1pca0.0005
1225265	1225265	SIRcenter1pca0.0005
5141162	5141162	SIRcenter1pca0.0005
2918525	2918525	SIRcenter1pca0.0005
1410953	1410953	SIRcenter1pca0.0005
5977876	5977876	SIRcenter1pca0.0005
2847247	2847247	SIRcenter1pca0.0005
2380736	2380736	SIRcenter1pca0.0005
1998642	1998642	SIRcenter1pca0.0005
3090094	3090094	SIRcenter1pca0.0005
1963939	1963939	SIRcenter1pca0.0005
4923317	4923317	SIRcenter1pca0.0005
1645064	1645064	SIRcenter1pca0.0005
4614410	4614410	SIRcenter1pca0.0005
1171083	1171083	SIRcenter1pca0.0005
1728543	1728543	SIRcenter1pca0.0005
5569822	5569822	SIRcenter1pca0.0005
2773686	2773686	SIRcenter1pca0.0005
1347448	1347448	SIRcenter1pca0.0005
3836354	3836354	SIRcenter1pca0.0005
3776228	3776228	SIRcenter1pca0.0005
3871173	3871173	SIRcenter1pca0.0005
3488645	3488645	SIRcenter1pca0.0005
3712126	3712126	SIRcenter1pca0.0005
3795078	3795078	SIRcenter1pca0.0005
2618989	2618989	SIRcenter1pca0.0005
2207039	2207039	SIRcenter1pca0.0005
3364717	3364717	SIRcenter1pca0.0005
3482504	3482504	SIRcenter1pca0.0005
4051260	4051260	SIRcenter1pca0.0005
3483805	3483805	SIRcenter1pca0.0005
4179038	4179038	SIRcenter1pca0.0005
1109401	1109401	SIRcenter1pca0.0005
4720146	4720146	SIRcenter1pca0.0005
2244405	2244405	SIRcenter1pca0.0005
5706594	5706594	SIRcenter1pca0.0005
4815875	4815875	SIRcenter1pca0.0005
1759624	1759624	SIRcenter1pca0.0005
1688693	1688693	SIRcenter1pca0.0005
2907973	2907973	SIRcenter1pca0.0005
3716544	3716544	SIRcenter1pca0.0005
3384519	3384519	SIRcenter1pca0.0005
1070409	1070409	SIRcenter1pca0.0005
4945442	4945442	SIRcenter1pca0.0005
3839756	3839756	SIRcenter1pca0.0005
1366137	1366137	SIRcenter1pca0.0005
2044886	2044886	SIRcenter1pca0.0005
5747092	5747092	SIRcenter1pca0.0005
3964110	3964110	SIRcenter1pca0.0005
5684338	5684338	SIRcenter1pca0.0005
3194587	3194587	SIRcenter1pca0.0005
4440364	4440364	SIRcenter1pca0.0005
5402992	5402992	SIRcenter1pca0.0005
3328839	3328839	SIRcenter1pca0.0005
1566652	1566652	SIRcenter1pca0.0005
3772468	3772468	SIRcenter1pca0.0005
2139783	2139783	SIRcenter1pca0.0005
2881162	2881162	SIRcenter1pca0.0005
4186324	4186324	SIRcenter1pca0.0005
5727722	5727722	SIRcenter1pca0.0005
3746913	3746913	SIRcenter1pca0.0005
5078079	5078079	SIRcenter1pca0.0005
1611912	1611912	SIRcenter1pca0.0005
2350262	2350262	SIRcenter1pca0.0005
1627768	1627768	SIRcenter1pca0.0005
1758739	1758739	SIRcenter1pca0.0005
1654978	1654978	SIRcenter1pca0.0005
3447339	3447339	SIRcenter1pca0.0005
3366462	3366462	SIRcenter1pca0.0005
4245970	4245970	SIRcenter1pca0.0005
2743929	2743929	SIRcenter1pca0.0005
1860651	1860651	SIRcenter1pca0.0005
5935490	5935490	SIRcenter1pca0.0005
3002270	3002270	SIRcenter1pca0.0005
3963619	3963619	SIRcenter1pca0.0005
4478153	4478153	SIRcenter1pca0.0005
1488272	1488272	SIRcenter1pca0.0005
4486508	4486508	SIRcenter1pca0.0005
3841422	3841422	SIRcenter1pca0.0005
5844662	5844662	SIRcenter1pca0.0005
1438316	1438316	SIRcenter1pca0.0005
3612679	3612679	SIRcenter1pca0.0005
2767793	2767793	SIRcenter1pca0.0005
1153059	1153059	SIRcenter1pca0.0005
4985863	4985863	SIRcenter1pca0.0005
2114609	2114609	SIRcenter1pca0.0005
3625754	3625754	SIRcenter1pca0.0005
3813837	3813837	SIRcenter1pca0.0005
1423317	1423317	SIRcenter1pca0.0005
3232346	3232346	SIRcenter1pca0.0005
3891293	3891293	SIRcenter1pca0.0005
2457080	2457080	SIRcenter1pca0.0005
4486717	4486717	SIRcenter1pca0.0005
3629006	3629006	SIRcenter1pca0.0005
1564414	1564414	SIRcenter1pca0.0005
4158184	4158184	SIRcenter1pca0.0005
3797522	3797522	SIRcenter1pca0.0005
2160823	2160823	SIRcenter1pca0.0005
4759613	4759613	SIRcenter1pca0.0005
1537710	1537710	SIRcenter1pca0.0005
4621438	4621438	SIRcenter1pca0.0005
2542780	2542780	SIRcenter1pca0.0005
3220299	3220299	SIRcenter1pca0.0005
4900238	4900238	SIRcenter1pca0.0005
1064169	1064169	SIRcenter1pca0.0005
1507862	1507862	SIRcenter1pca0.0005
4551866	4551866	SIRcenter1pca0.0005
4466015	4466015	SIRcenter1pca0.0005
4211400	4211400	SIRcenter1pca0.0005
4300802	4300802	SIRcenter1pca0.0005
1178413	1178413	SIRcenter1pca0.0005
5172228	5172228	SIRcenter1pca0.0005
2092676	2092676	SIRcenter1pca0.0005
4075256	4075256	SIRcenter1pca0.0005
3064250	3064250	SIRcenter1pca0.0005
5305126	5305126	SIRcenter1pca0.0005
4329577	4329577	SIRcenter1pca0.0005
1438395	1438395	SIRcenter1pca0.0005
2761609	2761609	SIRcenter1pca0.0005
4455712	4455712	SIRcenter1pca0.0005
1299551	1299551	SIRcenter1pca0.0005
3335458	3335458	SIRcenter1pca0.0005
3693174	3693174	SIRcenter1pca0.0005
2400388	2400388	SIRcenter1pca0.0005
4267757	4267757	SIRcenter1pca0.0005
4654031	4654031	SIRcenter1pca0.0005
5672158	5672158	SIRcenter1pca0.0005
2632357	2632357	SIRcenter1pca0.0005
1123473	1123473	SIRcenter1pca0.0005
2815321	2815321	SIRcenter1pca0.0005
3937436	3937436	SIRcenter1pca0.0005
5645112	5645112	SIRcenter1pca0.0005
5142134	5142134	SIRcenter1pca0.0005
1773071	1773071	SIRcenter1pca0.0005
1282169	1282169	SIRcenter1pca0.0005
2136456	2136456	SIRcenter1pca0.0005
3939355	3939355	SIRcenter1pca0.0005
1029751	1029751	SIRcenter1pca0.0005
5366240	5366240	SIRcenter1pca0.0005
2725541	2725541	SIRcenter1pca0.0005
5419240	5419240	SIRcenter1pca0.0005
3418409	3418409	SIRcenter1pca0.0005
1029513	1029513	SIRcenter1pca0.0005
1035573	1035573	SIRcenter1pca0.0005
2276578	2276578	SIRcenter1pca0.0005
2138733	2138733	SIRcenter1pca0.0005
4366343	4366343	SIRcenter1pca0.0005
5337204	5337204	SIRcenter1pca0.0005
5795008	5795008	SIRcenter1pca0.0005
3090749	3090749	SIRcenter1pca0.0005
2847183	2847183	SIRcenter1pca0.0005
2433270	2433270	SIRcenter1pca0.0005
2484874	2484874	SIRcenter1pca0.0005
3841389	3841389	SIRcenter1pca0.0005
4344406	4344406	SIRcenter1pca0.0005
5718269	5718269	SIRcenter1pca0.0005
2477829	2477829	SIRcenter1pca0.0005
5528683	5528683	SIRcenter1pca0.0005
3515102	3515102	SIRcenter1pca0.0005
2852433	2852433	SIRcenter1pca0.0005
4444750	4444750	SIRcenter1pca0.0005
2319037	2319037	SIRcenter1pca0.0005
4794564	4794564	SIRcenter1pca0.0005
2192446	2192446	SIRcenter1pca0.0005
2378812	2378812	SIRcenter1pca0.0005
3817288	3817288	SIRcenter1pca0.0005
3272136	3272136	SIRcenter1pca0.0005
3768952	3768952	SIRcenter1pca0.0005
5601497	5601497	SIRcenter1pca0.0005
2771107	2771107	SIRcenter1pca0.0005
1659902	1659902	SIRcenter1pca0.0005
3221881	3221881	SIRcenter1pca0.0005
4172706	4172706	SIRcenter1pca0.0005
5760190	5760190	SIRcenter1pca0.0005
2560122	2560122	SIRcenter1pca0.0005
5534010	5534010	SIRcenter1pca0.0005
4147602	4147602	SIRcenter1pca0.0005
3468082	3468082	SIRcenter1pca0.0005
4342683	4342683	SIRcenter1pca0.0005
4277188	4277188	SIRcenter1pca0.0005
5932391	5932391	SIRcenter1pca0.0005
4778267	4778267	SIRcenter1pca0.0005
2374122	2374122	SIRcenter1pca0.0005
4554406	4554406	SIRcenter1pca0.0005
2441470	2441470	SIRcenter1pca0.0005
2464002	2464002	SIRcenter1pca0.0005
5116380	5116380	SIRcenter1pca0.0005
5420283	5420283	SIRcenter1pca0.0005
3438828	3438828	SIRcenter1pca0.0005
1037144	1037144	SIRcenter1pca0.0005
5511787	5511787	SIRcenter1pca0.0005
5545030	5545030	SIRcenter1pca0.0005
3680065	3680065	SIRcenter1pca0.0005
5072119	5072119	SIRcenter1pca0.0005
4609867	4609867	SIRcenter1pca0.0005
1448978	1448978	SIRcenter1pca0.0005
1432151	1432151	SIRcenter1pca0.0005
2482198	2482198	SIRcenter1pca0.0005
1299551	1299551	SIRcenter1pca0.0005
3092026	3092026	SIRcenter1pca0.0005
2952481	2952481	SIRcenter1pca0.0005
3990146	3990146	SIRcenter1pca0.0005
5967221	5967221	SIRcenter1pca0.0005
4738081	4738081	SIRcenter1pca0.0005
3902859	3902859	SIRcenter1pca0.0005
1423015	1423015	SIRcenter1pca0.0005
1439467	1439467	SIRcenter1pca0.0005
4643789	4643789	SIRcenter1pca0.0005
4848998	4848998	SIRcenter1pca0.0005
5744636	5744636	SIRcenter1pca0.0005
1668766	1668766	SIRcenter1pca0.0005
4966677	4966677	SIRcenter1pca0.0005
1075848	1075848	SIRcenter1pca0.0005
1985691	1985691	SIRcenter1pca0.0005
1830466	1830466	SIRcenter1pca0.0005
2617998	2617998	SIRcenter1pca0.0005
4812541	4812541	SIRcenter1pca0.0005
4538627	4538627	SIRcenter1pca0.0005
1180656	1180656	SIRcenter1pca0.0005
5187702	5187702	SIRcenter1pca0.0005
3000431	3000431	SIRcenter1pca0.0005
1079870	1079870	SIRcenter1pca0.0005
2660761	2660761	SIRcenter1pca0.0005
2580672	2580672	SIRcenter1pca0.0005
5794397	5794397	SIRcenter1pca0.0005
1779773	1779773	SIRcenter1pca0.0005
5023384	5023384	SIRcenter1pca0.0005
5619390	5619390	SIRcenter1pca0.0005
5150863	5150863	SIRcenter1pca0.0005
2774278	2774278	SIRcenter1pca0.0005
4211771	4211771	SIRcenter1pca0.0005
3828175	3828175	SIRcenter1pca0.0005
3560065	3560065	SIRcenter1pca0.0005
3988700	3988700	SIRcenter1pca0.0005
1139564	1139564	SIRcenter1pca0.0005
4687216	4687216	SIRcenter1pca0.0005
3604536	3604536	SIRcenter1pca0.0005
1413341	1413341	SIRcenter1pca0.0005
3742948	3742948	SIRcenter1pca0.0005
1177867	1177867	SIRcenter1pca0.0005
5490235	5490235	SIRcenter1pca0.0005
2312244	2312244	SIRcenter1pca0.0005
5519447	5519447	SIRcenter1pca0.0005
3960305	3960305	SIRcenter1pca0.0005
1057121	1057121	SIRcenter1pca0.0005
1484437	1484437	SIRcenter1pca0.0005
4448705	4448705	SIRcenter1pca0.0005
1087741	1087741	SIRcenter1pca0.0005
4944960	4944960	SIRcenter1pca0.0005
3580906	3580906	SIRcenter1pca0.0005
1402489	1402489	SIRcenter1pca0.0005
4299836	4299836	SIRcenter1pca0.0005
2596942	2596942	SIRcenter1pca0.0005
2725060	2725060	SIRcenter1pca0.0005
5999486	5999486	SIRcenter1pca0.0005
1980877	1980877	SIRcenter1pca0.0005
2372993	2372993	SIRcenter1pca0.0005
5523868	5523868	SIRcenter1pca0.0005
2152304	2152304	SIRcenter1pca0.0005
3694254	3694254	SIRcenter1pca0.0005
3614300	3614300	SIRcenter1pca0.0005
2028675	2028675	SIRcenter1pca0.0005
4737759	4737759	SIRcenter1pca0.0005
1185922	1185922	SIRcenter1pca0.0005
3208412	3208412	SIRcenter1pca0.0005
3711276	3711276	SIRcenter1pca0.0005
1257220	1257220	SIRcenter1pca0.0005
2941415	2941415	SIRcenter1pca0.0005
3112807	3112807	SIRcenter1pca0.0005
2617433	2617433	SIRcenter1pca0.0005
2794153	2794153	SIRcenter1pca0.0005
1243999	1243999	SIRcenter1pca0.0005
5541778	5541778	SIRcenter1pca0.0005
5956473	5956473	SIRcenter1pca0.0005
3708085	3708085	SIRcenter1pca0.0005
3092026	3092026	SIRcenter1pca0.0005
2683095	2683095	SIRcenter1pca0.0005
5677306	5677306	SIRcenter1pca0.0005
4932405	4932405	SIRcenter1pca0.0005
5820751	5820751	SIRcenter1pca0.0005
2050112	2050112	SIRcenter1pca0.0005
5423127	5423127	SIRcenter1pca0.0005
3042208	3042208	SIRcenter1pca0.0005
3269268	3269268	SIRcenter1pca0.0005
3490250	3490250	SIRcenter1pca0.0005
3398424	3398424	SIRcenter1pca0.0005
4720146	4720146	SIRcenter1pca0.0005
2502333	2502333	SIRcenter1pca0.0005
5476111	5476111	SIRcenter1pca0.0005
2224818	2224818	SIRcenter1pca0.0005
1552835	1552835	SIRcenter1pca0.0005
3339224	3339224	SIRcenter1pca0.0005
4315496	4315496	SIRcenter1pca0.0005
3785680	3785680	SIRcenter1pca0.0005
2705990	2705990	SIRcenter1pca0.0005
2962677	2962677	SIRcenter1pca0.0005
2078139	2078139	SIRcenter1pca0.0005
2177949	2177949	SIRcenter1pca0.0005
4469341	4469341	SIRcenter1pca0.0005
5439929	5439929	SIRcenter1pca0.0005
2352921	2352921	SIRcenter1pca0.0005
2429859	2429859	SIRcenter1pca0.0005
5567758	5567758	SIRcenter1pca0.0005
4089227	4089227	SIRcenter1pca0.0005
5010481	5010481	SIRcenter1pca0.0005
2795856	2795856	SIRcenter1pca0.0005
5053503	5053503	SIRcenter1pca0.0005
2610562	2610562	SIRcenter1pca0.0005
4099612	4099612	SIRcenter1pca0.0005
5276559	5276559	SIRcenter1pca0.0005
5403924	5403924	SIRcenter1pca0.0005
3889485	3889485	SIRcenter1pca0.0005
5605388	5605388	SIRcenter1pca0.0005
2812081	2812081	SIRcenter1pca0.0005
1588990	1588990	SIRcenter1pca0.0005
3042837	3042837	SIRcenter1pca0.0005
5629617	5629617	SIRcenter1pca0.0005
3778968	3778968	SIRcenter1pca0.0005
1280863	1280863	SIRcenter1pca0.0005
5453983	5453983	SIRcenter1pca0.0005
3504699	3504699	SIRcenter1pca0.0005
1649248	1649248	SIRcenter1pca0.0005
4245076	4245076	SIRcenter1pca0.0005
1961405	1961405	SIRcenter1pca0.0005
1328796	1328796	SIRcenter1pca0.0005
5503949	5503949	SIRcenter1pca0.0005
3188630	3188630	SIRcenter1pca0.0005
5103595	5103595	SIRcenter1pca0.0005
3398841	3398841	SIRcenter1pca0.0005
1403315	1403315	SIRcenter1pca0.0005
5723683	5723683	SIRcenter1pca0.0005
3915615	3915615	SIRcenter1pca0.0005
1255246	1255246	SIRcenter1pca0.0005
2829584	2829584	SIRcenter1pca0.0005
2561309	2561309	SIRcenter1pca0.0005
2329333	2329333	SIRcenter1pca0.0005
3187516	3187516	SIRcenter1pca0.0005
5220770	5220770	SIRcenter1pca0.0005
1144799	1144799	SIRcenter1pca0.0005
4767867	4767867	SIRcenter1pca0.0005
4443151	4443151	SIRcenter1pca0.0005
3922964	3922964	SIRcenter1pca0.0005
2555188	2555188	SIRcenter1pca0.0005
1465909	1465909	SIRcenter1pca0.0005
1624164	1624164	SIRcenter1pca0.0005
5580784	5580784	SIRcenter1pca0.0005
3138383	3138383	SIRcenter1pca0.0005
5934532	5934532	SIRcenter1pca0.0005
5477350	5477350	SIRcenter1pca0.0005
4831293	4831293	SIRcenter1pca0.0005
1061638	1061638	SIRcenter1pca0.0005
4730175	4730175	SIRcenter1pca0.0005
2725261	2725261	SIRcenter1pca0.0005
3330856	3330856	SIRcenter1pca0.0005
1010855	1010855	SIRcenter1pca0.0005
2190681	2190681	SIRcenter1pca0.0005
2355327	2355327	SIRcenter1pca0.0005
1169135	1169135	SIRcenter1pca0.0005
2687043	2687043	SIRcenter1pca0.0005
4611333	4611333	SIRcenter1pca0.0005
1129415	1129415	SIRcenter1pca0.0005
5429634	5429634	SIRcenter1pca0.0005
5353887	5353887	SIRcenter1pca0.0005
3092308	3092308	SIRcenter1pca0.0005
1504660	1504660	SIRcenter1pca0.0005
5852991	5852991	SIRcenter1pca0.0005
3041855	3041855	SIRcenter1pca0.0005
1319180	1319180	SIRcenter1pca0.0005
5428497	5428497	SIRcenter1pca0.0005
2301574	2301574	SIRcenter1pca0.0005
5198137	5198137	SIRcenter1pca0.0005
3531129	3531129	SIRcenter1pca0.0005
4778824	4778824	SIRcenter1pca0.0005
4543284	4543284	SIRcenter1pca0.0005
1226546	1226546	SIRcenter1pca0.0005
2412062	2412062	SIRcenter1pca0.0005
5133903	5133903	SIRcenter1pca0.0005
2307662	2307662	SIRcenter1pca0.0005
2743131	2743131	SIRcenter1pca0.0005
4082557	4082557	SIRcenter1pca0.0005
3875461	3875461	SIRcenter1pca0.0005
1208072	1208072	SIRcenter1pca0.0005
4390778	4390778	SIRcenter1pca0.0005
2696754	2696754	SIRcenter1pca0.0005
1625351	1625351	SIRcenter1pca0.0005
4623919	4623919	SIRcenter1pca0.0005
3464199	3464199	SIRcenter1pca0.0005
3971041	3971041	SIRcenter1pca0.0005
2838666	2838666	SIRcenter1pca0.0005
2085404	2085404	SIRcenter1pca0.0005
5509133	5509133	SIRcenter1pca0.0005
4361830	4361830	SIRcenter1pca0.0005
1291797	1291797	SIRcenter1pca0.0005
2501599	2501599	SIRcenter1pca0.0005
1928000	1928000	SIRcenter1pca0.0005
3337056	3337056	SIRcenter1pca0.0005
2808860	2808860	SIRcenter1pca0.0005
1360751	1360751	SIRcenter1pca0.0005
1177867	1177867	SIRcenter1pca0.0005
4018442	4018442	SIRcenter1pca0.0005
5329548	5329548	SIRcenter1pca0.0005
2268661	2268661	SIRcenter1pca0.0005
2924916	2924916	SIRcenter1pca0.0005
1127601	1127601	SIRcenter1pca0.0005
5402992	5402992	SIRcenter1pca0.0005
4987733	4987733	SIRcenter1pca0.0005
6019478	6019478	SIRcenter1pca0.0005
2152858	2152858	SIRcenter1pca0.0005
1770399	1770399	SIRcenter1pca0.0005
5054661	5054661	SIRcenter1pca0.0005
3102210	3102210	SIRcenter1pca0.0005
4468740	4468740	SIRcenter1pca0.0005
2368625	2368625	SIRcenter1pca0.0005
2783098	2783098	SIRcenter1pca0.0005
3326230	3326230	SIRcenter1pca0.0005
3078032	3078032	SIRcenter1pca0.0005
5503699	5503699	SIRcenter1pca0.0005
5313505	5313505	SIRcenter1pca0.0005
5092833	5092833	SIRcenter1pca0.0005
4985392	4985392	SIRcenter1pca0.0005
2393813	2393813	SIRcenter1pca0.0005
5435273	5435273	SIRcenter1pca0.0005
5549089	5549089	SIRcenter1pca0.0005
2947028	2947028	SIRcenter1pca0.0005
3862470	3862470	SIRcenter1pca0.0005
4113154	4113154	SIRcenter1pca0.0005
4173619	4173619	SIRcenter1pca0.0005
3863525	3863525	SIRcenter1pca0.0005
4888901	4888901	SIRcenter1pca0.0005
1613819	1613819	SIRcenter1pca0.0005
4770708	4770708	SIRcenter1pca0.0005
5703018	5703018	SIRcenter1pca0.0005
2179516	2179516	SIRcenter1pca0.0005
4226827	4226827	SIRcenter1pca0.0005
5967796	5967796	SIRcenter1pca0.0005
1950949	1950949	SIRcenter1pca0.0005
2706446	2706446	SIRcenter1pca0.0005
3643412	3643412	SIRcenter1pca0.0005
3984275	3984275	SIRcenter1pca0.0005
5479341	5479341	SIRcenter1pca0.0005
5170751	5170751	SIRcenter1pca0.0005
4839758	4839758	SIRcenter1pca0.0005
1837127	1837127	SIRcenter1pca0.0005
4285065	4285065	SIRcenter1pca0.0005
3958389	3958389	SIRcenter1pca0.0005
3853637	3853637	SIRcenter1pca0.0005
5567811	5567811	SIRcenter1pca0.0005
2094468	2094468	SIRcenter1pca0.0005
3117870	3117870	SIRcenter1pca0.0005
3672577	3672577	SIRcenter1pca0.0005
5607695	5607695	SIRcenter1pca0.0005
5810512	5810512	SIRcenter1pca0.0005
4009207	4009207	SIRcenter1pca0.0005
3398002	3398002	SIRcenter1pca0.0005
5464252	5464252	SIRcenter1pca0.0005
3387353	3387353	SIRcenter1pca0.0005
3991110	3991110	SIRcenter1pca0.0005
3965481	3965481	SIRcenter1pca0.0005
1488272	1488272	SIRcenter1pca0.0005
4676060	4676060	SIRcenter1pca0.0005
5146567	5146567	SIRcenter1pca0.0005
3795477	3795477	SIRcenter1pca0.0005
1576117	1576117	SIRcenter1pca0.0005
5381231	5381231	SIRcenter1pca0.0005
2984790	2984790	SIRcenter1pca0.0005
2735780	2735780	SIRcenter1pca0.0005
3858087	3858087	SIRcenter1pca0.0005
3585884	3585884	SIRcenter1pca0.0005
1917691	1917691	SIRcenter1pca0.0005
4939561	4939561	SIRcenter1pca0.0005
3518943	3518943	SIRcenter1pca0.0005
5699636	5699636	SIRcenter1pca0.0005
4350936	4350936	SIRcenter1pca0.0005
3787285	3787285	SIRcenter1pca0.0005
5542851	5542851	SIRcenter1pca0.0005
1194043	1194043	SIRcenter1pca0.0005
5318144	5318144	SIRcenter1pca0.0005
2162836	2162836	SIRcenter1pca0.0005
2847300	2847300	SIRcenter1pca0.0005
4883610	4883610	SIRcenter1pca0.0005
4816964	4816964	SIRcenter1pca0.0005
2635783	2635783	SIRcenter1pca0.0005
2687545	2687545	SIRcenter1pca0.0005
5937080	5937080	SIRcenter1pca0.0005
3164514	3164514	SIRcenter1pca0.0005
3733999	3733999	SIRcenter1pca0.0005
1391314	1391314	SIRcenter1pca0.0005
1308549	1308549	SIRcenter1pca0.0005
3532967	3532967	SIRcenter1pca0.0005
4704545	4704545	SIRcenter1pca0.0005
2306194	2306194	SIRcenter1pca0.0005
4373603	4373603	SIRcenter1pca0.0005
1570242	1570242	SIRcenter1pca0.0005
3124169	3124169	SIRcenter1pca0.0005
3003953	3003953	SIRcenter1pca0.0005
5425576	5425576	SIRcenter1pca0.0005
5052462	5052462	SIRcenter1pca0.0005
5272504	5272504	SIRcenter1pca0.0005
1493705	1493705	SIRcenter1pca0.0005
4211348	4211348	SIRcenter1pca0.0005
1729618	1729618	SIRcenter1pca0.0005
4176671	4176671	SIRcenter1pca0.0005
4720913	4720913	SIRcenter1pca0.0005
5674814	5674814	SIRcenter1pca0.0005
5563168	5563168	SIRcenter1pca0.0005
4162019	4162019	SIRcenter1pca0.0005
3728353	3728353	SIRcenter1pca0.0005
3091911	3091911	SIRcenter1pca0.0005
1412016	1412016	SIRcenter1pca0.0005
1239758	1239758	SIRcenter1pca0.0005
2663722	2663722	SIRcenter1pca0.0005
3120106	3120106	SIRcenter1pca0.0005
5073848	5073848	SIRcenter1pca0.0005
2819647	2819647	SIRcenter1pca0.0005
5522384	5522384	SIRcenter1pca0.0005
4732508	4732508	SIRcenter1pca0.0005
1691805	1691805	SIRcenter1pca0.0005
2089300	2089300	SIRcenter1pca0.0005
2261296	2261296	SIRcenter1pca0.0005
4030958	4030958	SIRcenter1pca0.0005
1335469	1335469	SIRcenter1pca0.0005
2072003	2072003	SIRcenter1pca0.0005
2624523	2624523	SIRcenter1pca0.0005
1933220	1933220	SIRcenter1pca0.0005
5757859	5757859	SIRcenter1pca0.0005
1280232	1280232	SIRcenter1pca0.0005
4321710	4321710	SIRcenter1pca0.0005
1294524	1294524	SIRcenter1pca0.0005
4257706	4257706	SIRcenter1pca0.0005
3783604	3783604	SIRcenter1pca0.0005
5880241	5880241	SIRcenter1pca0.0005
3452136	3452136	SIRcenter1pca0.0005
4247653	4247653	SIRcenter1pca0.0005
3428405	3428405	SIRcenter1pca0.0005
4775965	4775965	SIRcenter1pca0.0005
2267544	2267544	SIRcenter1pca0.0005
4147602	4147602	SIRcenter1pca0.0005
4415546	4415546	SIRcenter1pca0.0005
1648361	1648361	SIRcenter1pca0.0005
5758809	5758809	SIRcenter1pca0.0005
1184866	1184866	SIRcenter1pca0.0005
3147031	3147031	SIRcenter1pca0.0005
2677113	2677113	SIRcenter1pca0.0005
4668363	4668363	SIRcenter1pca0.0005
3438632	3438632	SIRcenter1pca0.0005
1707320	1707320	SIRcenter1pca0.0005
5187924	5187924	SIRcenter1pca0.0005
2293769	2293769	SIRcenter1pca0.0005
3698801	3698801	SIRcenter1pca0.0005
3360438	3360438	SIRcenter1pca0.0005
4333680	4333680	SIRcenter1pca0.0005
3688891	3688891	SIRcenter1pca0.0005
4106315	4106315	SIRcenter1pca0.0005
2098797	2098797	SIRcenter1pca0.0005
5320651	5320651	SIRcenter1pca0.0005
1574884	1574884	SIRcenter1pca0.0005
1155200	1155200	SIRcenter1pca0.0005
4549616	4549616	SIRcenter1pca0.0005
3815459	3815459	SIRcenter1pca0.0005
1064169	1064169	SIRcenter1pca0.0005
5390552	5390552	SIRcenter1pca0.0005
3020649	3020649	SIRcenter1pca0.0005
2614895	2614895	SIRcenter1pca0.0005
3645375	3645375	SIRcenter1pca0.0005
1852412	1852412	SIRcenter1pca0.0005
3282535	3282535	SIRcenter1pca0.0005
5192302	5192302	SIRcenter1pca0.0005
2692809	2692809	SIRcenter1pca0.0005
2241145	2241145	SIRcenter1pca0.0005
2047876	2047876	SIRcenter1pca0.0005
3649108	3649108	SIRcenter1pca0.0005
2054310	2054310	SIRcenter1pca0.0005
5451092	5451092	SIRcenter1pca0.0005
1552835	1552835	SIRcenter1pca0.0005
3490779	3490779	SIRcenter1pca0.0005
2192972	2192972	SIRcenter1pca0.0005
2636042	2636042	SIRcenter1pca0.0005
3172227	3172227	SIRcenter1pca0.0005
3412952	3412952	SIRcenter1pca0.0005
1046944	1046944	SIRcenter1pca0.0005
4204232	4204232	SIRcenter1pca0.0005
3902230	3902230	SIRcenter1pca0.0005
2997990	2997990	SIRcenter1pca0.0005
4273573	4273573	SIRcenter1pca0.0005
1054548	1054548	SIRcenter1pca0.0005
1156147	1156147	SIRcenter1pca0.0005
4616651	4616651	SIRcenter1pca0.0005
5925240	5925240	SIRcenter1pca0.0005
5189737	5189737	SIRcenter1pca0.0005
5747092	5747092	SIRcenter1pca0.0005
3533742	3533742	SIRcenter1pca0.0005
1117110	1117110	SIRcenter1pca0.0005
5634478	5634478	SIRcenter1pca0.0005
2924598	2924598	SIRcenter1pca0.0005
1366210	1366210	SIRcenter1pca0.0005
5333253	5333253	SIRcenter1pca0.0005
3083142	3083142	SIRcenter1pca0.0005
2590661	2590661	SIRcenter1pca0.0005
1932019	1932019	SIRcenter1pca0.0005
5807244	5807244	SIRcenter1pca0.0005
5162239	5162239	SIRcenter1pca0.0005
5132304	5132304	SIRcenter1pca0.0005
2316384	2316384	SIRcenter1pca0.0005
3510442	3510442	SIRcenter1pca0.0005
5428497	5428497	SIRcenter1pca0.0005
2941713	2941713	SIRcenter1pca0.0005
1590112	1590112	SIRcenter1pca0.0005
1534363	1534363	SIRcenter1pca0.0005
3357911	3357911	SIRcenter1pca0.0005
5248575	5248575	SIRcenter1pca0.0005
3286428	3286428	SIRcenter1pca0.0005
5074935	5074935	SIRcenter1pca0.0005
2392554	2392554	SIRcenter1pca0.0005
1500574	1500574	SIRcenter1pca0.0005
3354329	3354329	SIRcenter1pca0.0005
2080507	2080507	SIRcenter1pca0.0005
3350544	3350544	SIRcenter1pca0.0005
3353993	3353993	SIRcenter1pca0.0005
2078652	2078652	SIRcenter1pca0.0005
3714729	3714729	SIRcenter1pca0.0005
5113017	5113017	SIRcenter1pca0.0005
5027683	5027683	SIRcenter1pca0.0005
4694914	4694914	SIRcenter1pca0.0005
5240130	5240130	SIRcenter1pca0.0005
5487642	5487642	SIRcenter1pca0.0005
2380634	2380634	SIRcenter1pca0.0005
1340715	1340715	SIRcenter1pca0.0005
1250336	1250336	SIRcenter1pca0.0005
3523632	3523632	SIRcenter1pca0.0005
5208643	5208643	SIRcenter1pca0.0005
5346020	5346020	SIRcenter1pca0.0005
1335051	1335051	SIRcenter1pca0.0005
2614124	2614124	SIRcenter1pca0.0005
3614501	3614501	SIRcenter1pca0.0005
3027389	3027389	SIRcenter1pca0.0005
2401658	2401658	SIRcenter1pca0.0005
3949061	3949061	SIRcenter1pca0.0005
3163593	3163593	SIRcenter1pca0.0005
5499971	5499971	SIRcenter1pca0.0005
5292320	5292320	SIRcenter1pca0.0005
1067162	1067162	SIRcenter1pca0.0005
3725032	3725032	SIRcenter1pca0.0005
5626446	5626446	SIRcenter1pca0.0005
3445172	3445172	SIRcenter1pca0.0005
2791434	2791434	SIRcenter1pca0.0005
3665743	3665743	SIRcenter1pca0.0005
3546173	3546173	SIRcenter1pca0.0005
1849239	1849239	SIRcenter1pca0.0005
1068961	1068961	SIRcenter1pca0.0005
1730815	1730815	SIRcenter1pca0.0005
2349721	2349721	SIRcenter1pca0.0005
4714135	4714135	SIRcenter1pca0.0005
1043970	1043970	SIRcenter1pca0.0005
5777551	5777551	SIRcenter1pca0.0005
3799262	3799262	SIRcenter1pca0.0005
5598769	5598769	SIRcenter1pca0.0005
3726951	3726951	SIRcenter1pca0.0005
2249066	2249066	SIRcenter1pca0.0005
2499618	2499618	SIRcenter1pca0.0005
2398300	2398300	SIRcenter1pca0.0005
1526128	1526128	SIRcenter1pca0.0005
2470241	2470241	SIRcenter1pca0.0005
4397929	4397929	SIRcenter1pca0.0005
2557307	2557307	SIRcenter1pca0.0005
1546950	1546950	SIRcenter1pca0.0005
4831787	4831787	SIRcenter1pca0.0005
4933355	4933355	SIRcenter1pca0.0005
4235326	4235326	SIRcenter1pca0.0005
2794385	2794385	SIRcenter1pca0.0005
1087018	1087018	SIRcenter1pca0.0005
2259324	2259324	SIRcenter1pca0.0005
3766409	3766409	SIRcenter1pca0.0005
5801803	5801803	SIRcenter1pca0.0005
4457072	4457072	SIRcenter1pca0.0005
2368186	2368186	SIRcenter1pca0.0005
2444354	2444354	SIRcenter1pca0.0005
3307247	3307247	SIRcenter1pca0.0005
1236733	1236733	SIRcenter1pca0.0005
2843546	2843546	SIRcenter1pca0.0005
1173090	1173090	SIRcenter1pca0.0005
1234313	1234313	SIRcenter1pca0.0005
4632060	4632060	SIRcenter1pca0.0005
3498164	3498164	SIRcenter1pca0.0005
1184204	1184204	SIRcenter1pca0.0005
3893170	3893170	SIRcenter1pca0.0005
4198328	4198328	SIRcenter1pca0.0005
1908006	1908006	SIRcenter1pca0.0005
5317836	5317836	SIRcenter1pca0.0005
5879879	5879879	SIRcenter1pca0.0005
1327663	1327663	SIRcenter1pca0.0005
4213804	4213804	SIRcenter1pca0.0005
2574393	2574393	SIRcenter1pca0.0005
3725709	3725709	SIRcenter1pca0.0005
1218089	1218089	SIRcenter1pca0.0005
5836520	5836520	SIRcenter1pca0.0005
4093868	4093868	SIRcenter1pca0.0005
4387710	4387710	SIRcenter1pca0.0005
3468435	3468435	SIRcenter1pca0.0005
3515547	3515547	SIRcenter1pca0.0005
1553650	1553650	SIRcenter1pca0.0005
4319109	4319109	SIRcenter1pca0.0005
5076266	5076266	SIRcenter1pca0.0005
3959466	3959466	SIRcenter1pca0.0005
4490587	4490587	SIRcenter1pca0.0005
1276265	1276265	SIRcenter1pca0.0005
1402542	1402542	SIRcenter1pca0.0005
5381952	5381952	SIRcenter1pca0.0005
1414729	1414729	SIRcenter1pca0.0005
1887703	1887703	SIRcenter1pca0.0005
3246772	3246772	SIRcenter1pca0.0005
4304120	4304120	SIRcenter1pca0.0005
2441470	2441470	SIRcenter1pca0.0005
2985224	2985224	SIRcenter1pca0.0005
1825319	1825319	SIRcenter1pca0.0005
5796424	5796424	SIRcenter1pca0.0005
3428405	3428405	SIRcenter1pca0.0005
1932734	1932734	SIRcenter1pca0.0005
2841794	2841794	SIRcenter1pca0.0005
2500103	2500103	SIRcenter1pca0.0005
2089332	2089332	SIRcenter1pca0.0005
5666019	5666019	SIRcenter1pca0.0005
1969210	1969210	SIRcenter1pca0.0005
5493091	5493091	SIRcenter1pca0.0005
1373386	1373386	SIRcenter1pca0.0005
4241782	4241782	SIRcenter1pca0.0005
5954382	5954382	SIRcenter1pca0.0005
5928419	5928419	SIRcenter1pca0.0005
3671643	3671643	SIRcenter1pca0.0005
2104343	2104343	SIRcenter1pca0.0005
2213877	2213877	SIRcenter1pca0.0005
4847591	4847591	SIRcenter1pca0.0005
2197982	2197982	SIRcenter1pca0.0005
2398501	2398501	SIRcenter1pca0.0005
2185008	2185008	SIRcenter1pca0.0005
3525257	3525257	SIRcenter1pca0.0005
3017904	3017904	SIRcenter1pca0.0005
4427251	4427251	SIRcenter1pca0.0005
5760369	5760369	SIRcenter1pca0.0005
3958389	3958389	SIRcenter1pca0.0005
2958397	2958397	SIRcenter1pca0.0005
5696086	5696086	SIRcenter1pca0.0005
5969064	5969064	SIRcenter1pca0.0005
5852111	5852111	SIRcenter1pca0.0005
3935697	3935697	SIRcenter1pca0.0005
4851253	4851253	SIRcenter1pca0.0005
1217688	1217688	SIRcenter1pca0.0005
4423583	4423583	SIRcenter1pca0.0005
5168823	5168823	SIRcenter1pca0.0005
4759995	4759995	SIRcenter1pca0.0005
3964428	3964428	SIRcenter1pca0.0005
1556986	1556986	SIRcenter1pca0.0005
3263554	3263554	SIRcenter1pca0.0005
4009235	4009235	SIRcenter1pca0.0005
2441470	2441470	SIRcenter1pca0.0005
3659700	3659700	SIRcenter1pca0.0005
2022914	2022914	SIRcenter1pca0.0005
5045791	5045791	SIRcenter1pca0.0005
2378812	2378812	SIRcenter1pca0.0005
5433153	5433153	SIRcenter1pca0.0005
5701698	5701698	SIRcenter1pca0.0005
3166982	3166982	SIRcenter1pca0.0005
5673274	5673274	SIRcenter1pca0.0005
2210043	2210043	SIRcenter1pca0.0005
1894935	1894935	SIRcenter1pca0.0005
2633641	2633641	SIRcenter1pca0.0005
1180450	1180450	SIRcenter1pca0.0005
3211639	3211639	SIRcenter1pca0.0005
1497886	1497886	SIRcenter1pca0.0005
3214315	3214315	SIRcenter1pca0.0005
3067735	3067735	SIRcenter1pca0.0005
1018782	1018782	SIRcenter1pca0.0005
3399523	3399523	SIRcenter1pca0.0005
1126148	1126148	SIRcenter1pca0.0005
4335383	4335383	SIRcenter1pca0.0005
3956907	3956907	SIRcenter1pca0.0005
4240945	4240945	SIRcenter1pca0.0005
4483806	4483806	SIRcenter1pca0.0005
1090355	1090355	SIRcenter1pca0.0005
5069399	5069399	SIRcenter1pca0.0005
2918525	2918525	SIRcenter1pca0.0005
2276956	2276956	SIRcenter1pca0.0005
3878050	3878050	SIRcenter1pca0.0005
1133151	1133151	SIRcenter1pca0.0005
1798484	1798484	SIRcenter1pca0.0005
1820201	1820201	SIRcenter1pca0.0005
2607585	2607585	SIRcenter1pca0.0005
3653728	3653728	SIRcenter1pca0.0005
1527906	1527906	SIRcenter1pca0.0005
2560070	2560070	SIRcenter1pca0.0005
1202549	1202549	SIRcenter1pca0.0005
3006319	3006319	SIRcenter1pca0.0005
2947028	2947028	SIRcenter1pca0.0005
4753869	4753869	SIRcenter1pca0.0005
4146632	4146632	SIRcenter1pca0.0005
5914937	5914937	SIRcenter1pca0.0005
4694656	4694656	SIRcenter1pca0.0005
1465983	1465983	SIRcenter1pca0.0005
3346274	3346274	SIRcenter1pca0.0005
1231194	1231194	SIRcenter1pca0.0005
4633381	4633381	SIRcenter1pca0.0005
1575478	1575478	SIRcenter1pca0.0005
1552835	1552835	SIRcenter1pca0.0005
3482632	3482632	SIRcenter1pca0.0005
2226004	2226004	SIRcenter1pca0.0005
5027674	5027674	SIRcenter1pca0.0005
3561576	3561576	SIRcenter1pca0.0005
1521523	1521523	SIRcenter1pca0.0005
1887881	1887881	SIRcenter1pca0.0005
3462027	3462027	SIRcenter1pca0.0005
3583371	3583371	SIRcenter1pca0.0005
1447518	1447518	SIRcenter1pca0.0005
1332033	1332033	SIRcenter1pca0.0005
1719252	1719252	SIRcenter1pca0.0005
2408976	2408976	SIRcenter1pca0.0005
1541249	1541249	SIRcenter1pca0.0005
1111257	1111257	SIRcenter1pca0.0005
4185057	4185057	SIRcenter1pca0.0005
2642820	2642820	SIRcenter1pca0.0005
5932391	5932391	SIRcenter1pca0.0005
1077110	1077110	SIRcenter1pca0.0005
5601820	5601820	SIRcenter1pca0.0005
1114207	1114207	SIRcenter1pca0.0005
3345890	3345890	SIRcenter1pca0.0005
2599930	2599930	SIRcenter1pca0.0005
2199970	2199970	SIRcenter1pca0.0005
4321177	4321177	SIRcenter1pca0.0005
4822597	4822597	SIRcenter1pca0.0005
2907056	2907056	SIRcenter1pca0.0005
3015851	3015851	SIRcenter1pca0.0005
4637841	4637841	SIRcenter1pca0.0005
2295445	2295445	SIRcenter1pca0.0005
1739917	1739917	SIRcenter1pca0.0005
2394018	2394018	SIRcenter1pca0.0005
4195721	4195721	SIRcenter1pca0.0005
4813865	4813865	SIRcenter1pca0.0005
2086192	2086192	SIRcenter1pca0.0005
1430879	1430879	SIRcenter1pca0.0005
2256290	2256290	SIRcenter1pca0.0005
1697975	1697975	SIRcenter1pca0.0005
2037378	2037378	SIRcenter1pca0.0005
3943492	3943492	SIRcenter1pca0.0005
2958065	2958065	SIRcenter1pca0.0005
4009508	4009508	SIRcenter1pca0.0005
4993932	4993932	SIRcenter1pca0.0005
1076541	1076541	SIRcenter1pca0.0005
5635410	5635410	SIRcenter1pca0.0005
2584615	2584615	SIRcenter1pca0.0005
3053195	3053195	SIRcenter1pca0.0005
1961441	1961441	SIRcenter1pca0.0005
2239019	2239019	SIRcenter1pca0.0005
5312307	5312307	SIRcenter1pca0.0005
3753878	3753878	SIRcenter1pca0.0005
1871790	1871790	SIRcenter1pca0.0005
5928698	5928698	SIRcenter1pca0.0005
2024080	2024080	SIRcenter1pca0.0005
1482076	1482076	SIRcenter1pca0.0005
1368717	1368717	SIRcenter1pca0.0005
2704597	2704597	SIRcenter1pca0.0005
3002777	3002777	SIRcenter1pca0.0005
1160383	1160383	SIRcenter1pca0.0005
3128536	3128536	SIRcenter1pca0.0005
2310383	2310383	SIRcenter1pca0.0005
1536476	1536476	SIRcenter1pca0.0005
2990456	2990456	SIRcenter1pca0.0005
4404865	4404865	SIRcenter1pca0.0005
3308177	3308177	SIRcenter1pca0.0005
1654172	1654172	SIRcenter1pca0.0005
5399397	5399397	SIRcenter1pca0.0005
5310549	5310549	SIRcenter1pca0.0005
1773241	1773241	SIRcenter1pca0.0005
1894935	1894935	SIRcenter1pca0.0005
4351027	4351027	SIRcenter1pca0.0005
2724887	2724887	SIRcenter1pca0.0005
4101922	4101922	SIRcenter1pca0.0005
2144353	2144353	SIRcenter1pca0.0005
2800247	2800247	SIRcenter1pca0.0005
4516201	4516201	SIRcenter1pca0.0005
4612924	4612924	SIRcenter1pca0.0005
1434564	1434564	SIRcenter1pca0.0005
3610275	3610275	SIRcenter1pca0.0005
1924449	1924449	SIRcenter1pca0.0005
3363422	3363422	SIRcenter1pca0.0005
3597549	3597549	SIRcenter1pca0.0005
2349191	2349191	SIRcenter1pca0.0005
4212893	4212893	SIRcenter1pca0.0005
5002801	5002801	SIRcenter1pca0.0005
4413034	4413034	SIRcenter1pca0.0005
1891799	1891799	SIRcenter1pca0.0005
5927529	5927529	SIRcenter1pca0.0005
2432157	2432157	SIRcenter1pca0.0005
3109731	3109731	SIRcenter1pca0.0005
4089917	4089917	SIRcenter1pca0.0005
2732787	2732787	SIRcenter1pca0.0005
2920142	2920142	SIRcenter1pca0.0005
4252254	4252254	SIRcenter1pca0.0005
3614702	3614702	SIRcenter1pca0.0005
4261924	4261924	SIRcenter1pca0.0005
2713022	2713022	SIRcenter1pca0.0005
5346782	5346782	SIRcenter1pca0.0005
4249319	4249319	SIRcenter1pca0.0005
5806499	5806499	SIRcenter1pca0.0005
4411337	4411337	SIRcenter1pca0.0005
2616049	2616049	SIRcenter1pca0.0005
2380736	2380736	SIRcenter1pca0.0005
5828067	5828067	SIRcenter1pca0.0005
1270255	1270255	SIRcenter1pca0.0005
1356586	1356586	SIRcenter1pca0.0005
2323102	2323102	SIRcenter1pca0.0005
5540916	5540916	SIRcenter1pca0.0005
5427222	5427222	SIRcenter1pca0.0005
2002999	2002999	SIRcenter1pca0.0005
1476061	1476061	SIRcenter1pca0.0005
4881003	4881003	SIRcenter1pca0.0005
1160589	1160589	SIRcenter1pca0.0005
3422586	3422586	SIRcenter1pca0.0005
5646550	5646550	SIRcenter1pca0.0005
2018183	2018183	SIRcenter1pca0.0005
1917687	1917687	SIRcenter1pca0.0005
5478870	5478870	SIRcenter1pca0.0005
5880155	5880155	SIRcenter1pca0.0005
1564196	1564196	SIRcenter1pca0.0005
2086337	2086337	SIRcenter1pca0.0005
1963370	1963370	SIRcenter1pca0.0005
4444922	4444922	SIRcenter1pca0.0005
3621068	3621068	SIRcenter1pca0.0005
2389412	2389412	SIRcenter1pca0.0005
6019702	6019702	SIRcenter1pca0.0005
3029273	3029273	SIRcenter1pca0.0005
3521168	3521168	SIRcenter1pca0.0005
1536604	1536604	SIRcenter1pca0.0005
3008372	3008372	SIRcenter1pca0.0005
4846035	4846035	SIRcenter1pca0.0005
5654732	5654732	SIRcenter1pca0.0005
2072120	2072120	SIRcenter1pca0.0005
1265968	1265968	SIRcenter1pca0.0005
3398073	3398073	SIRcenter1pca0.0005
5596366	5596366	SIRcenter1pca0.0005
3443512	3443512	SIRcenter1pca0.0005
2598180	2598180	SIRcenter1pca0.0005
4005438	4005438	SIRcenter1pca0.0005
1182705	1182705	SIRcenter1pca0.0005
2113983	2113983	SIRcenter1pca0.0005
4140938	4140938	SIRcenter1pca0.0005
4694992	4694992	SIRcenter1pca0.0005
3877667	3877667	SIRcenter1pca0.0005
1513668	1513668	SIRcenter1pca0.0005
4233276	4233276	SIRcenter1pca0.0005
4866165	4866165	SIRcenter1pca0.0005
5374386	5374386	SIRcenter1pca0.0005
4899745	4899745	SIRcenter1pca0.0005
4781135	4781135	SIRcenter1pca0.0005
2524277	2524277	SIRcenter1pca0.0005
3897596	3897596	SIRcenter1pca0.0005
1913571	1913571	SIRcenter1pca0.0005
2063028	2063028	SIRcenter1pca0.0005
1780071	1780071	SIRcenter1pca0.0005
4068050	4068050	SIRcenter1pca0.0005
1643209	1643209	SIRcenter1pca0.0005
2303247	2303247	SIRcenter1pca0.0005
2802725	2802725	SIRcenter1pca0.0005
4899745	4899745	SIRcenter1pca0.0005
5938569	5938569	SIRcenter1pca0.0005
3859161	3859161	SIRcenter1pca0.0005
2458474	2458474	SIRcenter1pca0.0005
5789081	5789081	SIRcenter1pca0.0005
1928588	1928588	SIRcenter1pca0.0005
1749652	1749652	SIRcenter1pca0.0005
1082506	1082506	SIRcenter1pca0.0005
2265547	2265547	SIRcenter1pca0.0005
5612260	5612260	SIRcenter1pca0.0005
4502964	4502964	SIRcenter1pca0.0005
1197340	1197340	SIRcenter1pca0.0005
2491100	2491100	SIRcenter1pca0.0005
5713148	5713148	SIRcenter1pca0.0005
2097215	2097215	SIRcenter1pca0.0005
1511403	1511403	SIRcenter1pca0.0005
4738609	4738609	SIRcenter1pca0.0005
2752027	2752027	SIRcenter1pca0.0005
4964197	4964197	SIRcenter1pca0.0005
5117246	5117246	SIRcenter1pca0.0005
3838163	3838163	SIRcenter1pca0.0005
4562093	4562093	SIRcenter1pca0.0005
2573811	2573811	SIRcenter1pca0.0005
3074114	3074114	SIRcenter1pca0.0005
2734658	2734658	SIRcenter1pca0.0005
2178326	2178326	SIRcenter1pca0.0005
1008455	1008455	SIRcenter1pca0.0005
4847591	4847591	SIRcenter1pca0.0005
1473620	1473620	SIRcenter1pca0.0005
2852219	2852219	SIRcenter1pca0.0005
1079266	1079266	SIRcenter1pca0.0005
5568608	5568608	SIRcenter1pca0.0005
1428557	1428557	SIRcenter1pca0.0005
1673460	1673460	SIRcenter1pca0.0005
3868842	3868842	SIRcenter1pca0.0005
1216278	1216278	SIRcenter1pca0.0005
1587689	1587689	SIRcenter1pca0.0005
2877402	2877402	SIRcenter1pca0.0005
5879879	5879879	SIRcenter1pca0.0005
3214315	3214315	SIRcenter1pca0.0005
1942639	1942639	SIRcenter1pca0.0005
5026346	5026346	SIRcenter1pca0.0005
5024138	5024138	SIRcenter1pca0.0005
4486207	4486207	SIRcenter1pca0.0005
1359215	1359215	SIRcenter1pca0.0005
1270832	1270832	SIRcenter1pca0.0005
4880995	4880995	SIRcenter1pca0.0005
5774454	5774454	SIRcenter1pca0.0005
4445955	4445955	SIRcenter1pca0.0005
2166776	2166776	SIRcenter1pca0.0005
3489958	3489958	SIRcenter1pca0.0005
3007638	3007638	SIRcenter1pca0.0005
2250325	2250325	SIRcenter1pca0.0005
4084210	4084210	SIRcenter1pca0.0005
5192539	5192539	SIRcenter1pca0.0005
1025564	1025564	SIRcenter1pca0.0005
4014110	4014110	SIRcenter1pca0.0005
2693445	2693445	SIRcenter1pca0.0005
2843546	2843546	SIRcenter1pca0.0005
4240945	4240945	SIRcenter1pca0.0005
3037163	3037163	SIRcenter1pca0.0005
4374265	4374265	SIRcenter1pca0.0005
5381509	5381509	SIRcenter1pca0.0005
1749710	1749710	SIRcenter1pca0.0005
3292303	3292303	SIRcenter1pca0.0005
3718317	3718317	SIRcenter1pca0.0005
3351831	3351831	SIRcenter1pca0.0005
5190554	5190554	SIRcenter1pca0.0005
1841444	1841444	SIRcenter1pca0.0005
5402992	5402992	SIRcenter1pca0.0005
2758580	2758580	SIRcenter1pca0.0005
4871941	4871941	SIRcenter1pca0.0005
2166947	2166947	SIRcenter1pca0.0005
3401083	3401083	SIRcenter1pca0.0005
4075256	4075256	SIRcenter1pca0.0005
5177096	5177096	SIRcenter1pca0.0005
5475963	5475963	SIRcenter1pca0.0005
4572898	4572898	SIRcenter1pca0.0005
3465913	3465913	SIRcenter1pca0.0005
2552437	2552437	SIRcenter1pca0.0005
6007239	6007239	SIRcenter1pca0.0005
2311197	2311197	SIRcenter1pca0.0005
5607839	5607839	SIRcenter1pca0.0005
1833056	1833056	SIRcenter1pca0.0005
4816964	4816964	SIRcenter1pca0.0005
4783716	4783716	SIRcenter1pca0.0005
1137488	1137488	SIRcenter1pca0.0005
5986534	5986534	SIRcenter1pca0.0005
5325368	5325368	SIRcenter1pca0.0005
5601319	5601319	SIRcenter1pca0.0005
5087746	5087746	SIRcenter1pca0.0005
5269725	5269725	SIRcenter1pca0.0005
2710498	2710498	SIRcenter1pca0.0005
3810583	3810583	SIRcenter1pca0.0005
3642240	3642240	SIRcenter1pca0.0005
3308359	3308359	SIRcenter1pca0.0005
4253298	4253298	SIRcenter1pca0.0005
1491389	1491389	SIRcenter1pca0.0005
1115891	1115891	SIRcenter1pca0.0005
1780383	1780383	SIRcenter1pca0.0005
2819659	2819659	SIRcenter1pca0.0005
4658862	4658862	SIRcenter1pca0.0005
3169050	3169050	SIRcenter1pca0.0005
2085404	2085404	SIRcenter1pca0.0005
5885914	5885914	SIRcenter1pca0.0005
3209037	3209037	SIRcenter1pca0.0005
5195529	5195529	SIRcenter1pca0.0005
4106996	4106996	SIRcenter1pca0.0005
3316527	3316527	SIRcenter1pca0.0005
2467778	2467778	SIRcenter1pca0.0005
5158163	5158163	SIRcenter1pca0.0005
4943920	4943920	SIRcenter1pca0.0005
3571371	3571371	SIRcenter1pca0.0005
2574271	2574271	SIRcenter1pca0.0005
1135936	1135936	SIRcenter1pca0.0005
1863175	1863175	SIRcenter1pca0.0005
3893494	3893494	SIRcenter1pca0.0005
3048156	3048156	SIRcenter1pca0.0005
1893738	1893738	SIRcenter1pca0.0005
2622930	2622930	SIRcenter1pca0.0005
2817264	2817264	SIRcenter1pca0.0005
3634826	3634826	SIRcenter1pca0.0005
1257358	1257358	SIRcenter1pca0.0005
3586344	3586344	SIRcenter1pca0.0005
3199396	3199396	SIRcenter1pca0.0005
3228561	3228561	SIRcenter1pca0.0005
3526325	3526325	SIRcenter1pca0.0005
4947518	4947518	SIRcenter1pca0.0005
4624962	4624962	SIRcenter1pca0.0005
2172606	2172606	SIRcenter1pca0.0005
5181286	5181286	SIRcenter1pca0.0005
1998248	1998248	SIRcenter1pca0.0005
2866789	2866789	SIRcenter1pca0.0005
1867773	1867773	SIRcenter1pca0.0005
5367209	5367209	SIRcenter1pca0.0005
3531988	3531988	SIRcenter1pca0.0005
3140751	3140751	SIRcenter1pca0.0005
1176041	1176041	SIRcenter1pca0.0005
1210172	1210172	SIRcenter1pca0.0005
4344052	4344052	SIRcenter1pca0.0005
4753869	4753869	SIRcenter1pca0.0005
1419112	1419112	SIRcenter1pca0.0005
1642132	1642132	SIRcenter1pca0.0005
5207131	5207131	SIRcenter1pca0.0005
1497189	1497189	SIRcenter1pca0.0005
2449530	2449530	SIRcenter1pca0.0005
2324558	2324558	SIRcenter1pca0.0005
4816118	4816118	SIRcenter1pca0.0005
5748238	5748238	SIRcenter1pca0.0005
4094931	4094931	SIRcenter1pca0.0005
4302807	4302807	SIRcenter1pca0.0005
4472384	4472384	SIRcenter1pca0.0005
1269599	1269599	SIRcenter1pca0.0005
1432168	1432168	SIRcenter1pca0.0005
2499907	2499907	SIRcenter1pca0.0005
1693218	1693218	SIRcenter1pca0.0005
2154941	2154941	SIRcenter1pca0.0005
4839758	4839758	SIRcenter1pca0.0005
1625687	1625687	SIRcenter1pca0.0005
5645255	5645255	SIRcenter1pca0.0005
5532182	5532182	SIRcenter1pca0.0005
5514590	5514590	SIRcenter1pca0.0005
4111665	4111665	SIRcenter1pca0.0005
5216895	5216895	SIRcenter1pca0.0005
4188241	4188241	SIRcenter1pca0.0005
1146184	1146184	SIRcenter1pca0.0005
2895779	2895779	SIRcenter1pca0.0005
5921343	5921343	SIRcenter1pca0.0005
2105968	2105968	SIRcenter1pca0.0005
5598769	5598769	SIRcenter1pca0.0005
3782964	3782964	SIRcenter1pca0.0005
5576496	5576496	SIRcenter1pca0.0005
1448849	1448849	SIRcenter1pca0.0005
2418911	2418911	SIRcenter1pca0.0005
2822762	2822762	SIRcenter1pca0.0005
1801513	1801513	SIRcenter1pca0.0005
1071525	1071525	SIRcenter1pca0.0005
2330252	2330252	SIRcenter1pca0.0005
5381509	5381509	SIRcenter1pca0.0005
2630497	2630497	SIRcenter1pca0.0005
4399485	4399485	SIRcenter1pca0.0005
2228310	2228310	SIRcenter1pca0.0005
3089030	3089030	SIRcenter1pca0.0005
3998217	3998217	SIRcenter1pca0.0005
1213199	1213199	SIRcenter1pca0.0005
5087600	5087600	SIRcenter1pca0.0005
2947838	2947838	SIRcenter1pca0.0005
2009143	2009143	SIRcenter1pca0.0005
1299609	1299609	SIRcenter1pca0.0005
5749956	5749956	SIRcenter1pca0.0005
5820751	5820751	SIRcenter1pca0.0005
3251132	3251132	SIRcenter1pca0.0005
2941713	2941713	SIRcenter1pca0.0005
5111947	5111947	SIRcenter1pca0.0005
1020853	1020853	SIRcenter1pca0.0005
2973782	2973782	SIRcenter1pca0.0005
1220943	1220943	SIRcenter1pca0.0005
1001789	1001789	SIRcenter1pca0.0005
4551808	4551808	SIRcenter1pca0.0005
5559674	5559674	SIRcenter1pca0.0005
3803561	3803561	SIRcenter1pca0.0005
1299186	1299186	SIRcenter1pca0.0005
3128199	3128199	SIRcenter1pca0.0005
2638867	2638867	SIRcenter1pca0.0005
3426395	3426395	SIRcenter1pca0.0005
3008999	3008999	SIRcenter1pca0.0005
3457947	3457947	SIRcenter1pca0.0005
1219583	1219583	SIRcenter1pca0.0005
5497011	5497011	SIRcenter1pca0.0005
4273573	4273573	SIRcenter1pca0.0005
5825398	5825398	SIRcenter1pca0.0005
2453075	2453075	SIRcenter1pca0.0005
5777625	5777625	SIRcenter1pca0.0005
4101191	4101191	SIRcenter1pca0.0005
1768956	1768956	SIRcenter1pca0.0005
3665978	3665978	SIRcenter1pca0.0005
5106894	5106894	SIRcenter1pca0.0005
5311744	5311744	SIRcenter1pca0.0005
5384905	5384905	SIRcenter1pca0.0005
4727686	4727686	SIRcenter1pca0.0005
1465328	1465328	SIRcenter1pca0.0005
1837607	1837607	SIRcenter1pca0.0005
6014940	6014940	SIRcenter1pca0.0005
5806264	5806264	SIRcenter1pca0.0005
5975888	5975888	SIRcenter1pca0.0005
3144457	3144457	SIRcenter1pca0.0005
5933533	5933533	SIRcenter1pca0.0005
2936824	2936824	SIRcenter1pca0.0005
5869091	5869091	SIRcenter1pca0.0005
3889676	3889676	SIRcenter1pca0.0005
1770886	1770886	SIRcenter1pca0.0005
3330717	3330717	SIRcenter1pca0.0005
1961267	1961267	SIRcenter1pca0.0005
1026813	1026813	SIRcenter1pca0.0005
3831312	3831312	SIRcenter1pca0.0005
1574434	1574434	SIRcenter1pca0.0005
5760190	5760190	SIRcenter1pca0.0005
3694278	3694278	SIRcenter1pca0.0005
4799802	4799802	SIRcenter1pca0.0005
2183058	2183058	SIRcenter1pca0.0005
3006273	3006273	SIRcenter1pca0.0005
5841164	5841164	SIRcenter1pca0.0005
3721064	3721064	SIRcenter1pca0.0005
2636042	2636042	SIRcenter1pca0.0005
1744253	1744253	SIRcenter1pca0.0005
4013437	4013437	SIRcenter1pca0.0005
1095624	1095624	SIRcenter1pca0.0005
3145473	3145473	SIRcenter1pca0.0005
1942510	1942510	SIRcenter1pca0.0005
2595220	2595220	SIRcenter1pca0.0005
4490023	4490023	SIRcenter1pca0.0005
1197875	1197875	SIRcenter1pca0.0005
1763724	1763724	SIRcenter1pca0.0005
4757368	4757368	SIRcenter1pca0.0005
2323102	2323102	SIRcenter1pca0.0005
2226806	2226806	SIRcenter1pca0.0005
3297905	3297905	SIRcenter1pca0.0005
1650801	1650801	SIRcenter1pca0.0005
4226827	4226827	SIRcenter1pca0.0005
3424557	3424557	SIRcenter1pca0.0005
4677033	4677033	SIRcenter1pca0.0005
3232621	3232621	SIRcenter1pca0.0005
1181123	1181123	SIRcenter1pca0.0005
1922056	1922056	SIRcenter1pca0.0005
4614472	4614472	SIRcenter1pca0.0005
3774224	3774224	SIRcenter1pca0.0005
3796179	3796179	SIRcenter1pca0.0005
5236800	5236800	SIRcenter1pca0.0005
5340327	5340327	SIRcenter1pca0.0005
1413312	1413312	SIRcenter1pca0.0005
1615065	1615065	SIRcenter1pca0.0005
5552997	5552997	SIRcenter1pca0.0005
4445292	4445292	SIRcenter1pca0.0005
5489130	5489130	SIRcenter1pca0.0005
3841361	3841361	SIRcenter1pca0.0005
5511710	5511710	SIRcenter1pca0.0005
2115860	2115860	SIRcenter1pca0.0005
5879109	5879109	SIRcenter1pca0.0005
3964739	3964739	SIRcenter1pca0.0005
2217251	2217251	SIRcenter1pca0.0005
4259183	4259183	SIRcenter1pca0.0005
4235125	4235125	SIRcenter1pca0.0005
5207566	5207566	SIRcenter1pca0.0005
3935697	3935697	SIRcenter1pca0.0005
5288385	5288385	SIRcenter1pca0.0005
3234882	3234882	SIRcenter1pca0.0005
5307477	5307477	SIRcenter1pca0.0005
5143074	5143074	SIRcenter1pca0.0005
1270826	1270826	SIRcenter1pca0.0005
5521524	5521524	SIRcenter1pca0.0005
1709780	1709780	SIRcenter1pca0.0005
1190736	1190736	SIRcenter1pca0.0005
5027683	5027683	SIRcenter1pca0.0005
1127846	1127846	SIRcenter1pca0.0005
3960763	3960763	SIRcenter1pca0.0005
3166982	3166982	SIRcenter1pca0.0005
3782775	3782775	SIRcenter1pca0.0005
5006441	5006441	SIRcenter1pca0.0005
5735739	5735739	SIRcenter1pca0.0005
5791767	5791767	SIRcenter1pca0.0005
4371133	4371133	SIRcenter1pca0.0005
2425825	2425825	SIRcenter1pca0.0005
4235326	4235326	SIRcenter1pca0.0005
1442021	1442021	SIRcenter1pca0.0005
3126215	3126215	SIRcenter1pca0.0005
2197091	2197091	SIRcenter1pca0.0005
2550317	2550317	SIRcenter1pca0.0005
3566099	3566099	SIRcenter1pca0.0005
2448317	2448317	SIRcenter1pca0.0005
4060207	4060207	SIRcenter1pca0.0005
5954607	5954607	SIRcenter1pca0.0005
5452899	5452899	SIRcenter1pca0.0005
1432622	1432622	SIRcenter1pca0.0005
3452124	3452124	SIRcenter1pca0.0005
3607258	3607258	SIRcenter1pca0.0005
1578295	1578295	SIRcenter1pca0.0005
2725553	2725553	SIRcenter1pca0.0005
5098829	5098829	SIRcenter1pca0.0005
2019137	2019137	SIRcenter1pca0.0005
4767778	4767778	SIRcenter1pca0.0005
5270240	5270240	SIRcenter1pca0.0005
2970829	2970829	SIRcenter1pca0.0005
2073606	2073606	SIRcenter1pca0.0005
3463069	3463069	SIRcenter1pca0.0005
3409838	3409838	SIRcenter1pca0.0005
2604886	2604886	SIRcenter1pca0.0005
1734035	1734035	SIRcenter1pca0.0005
4296989	4296989	SIRcenter1pca0.0005
1386051	1386051	SIRcenter1pca0.0005
3447339	3447339	SIRcenter1pca0.0005
3156760	3156760	SIRcenter1pca0.0005
3805431	3805431	SIRcenter1pca0.0005
2636042	2636042	SIRcenter1pca0.0005
4421051	4421051	SIRcenter1pca0.0005
3820323	3820323	SIRcenter1pca0.0005
2244709	2244709	SIRcenter1pca0.0005
5963322	5963322	SIRcenter1pca0.0005
1118735	1118735	SIRcenter1pca0.0005
4448145	4448145	SIRcenter1pca0.0005
4152347	4152347	SIRcenter1pca0.0005
2987002	2987002	SIRcenter1pca0.0005
1526062	1526062	SIRcenter1pca0.0005
3173217	3173217	SIRcenter1pca0.0005
2067210	2067210	SIRcenter1pca0.0005
1707320	1707320	SIRcenter1pca0.0005
4477980	4477980	SIRcenter1pca0.0005
4892837	4892837	SIRcenter1pca0.0005
4119014	4119014	SIRcenter1pca0.0005
5847254	5847254	SIRcenter1pca0.0005
2848878	2848878	SIRcenter1pca0.0005
3155874	3155874	SIRcenter1pca0.0005
5284678	5284678	SIRcenter1pca0.0005
5162250	5162250	SIRcenter1pca0.0005
1530874	1530874	SIRcenter1pca0.0005
3731983	3731983	SIRcenter1pca0.0005
1899042	1899042	SIRcenter1pca0.0005
3193977	3193977	SIRcenter1pca0.0005
3669159	3669159	SIRcenter1pca0.0005
2408627	2408627	SIRcenter1pca0.0005
4503136	4503136	SIRcenter1pca0.0005
1194987	1194987	SIRcenter1pca0.0005
4002197	4002197	SIRcenter1pca0.0005
3692081	3692081	SIRcenter1pca0.0005
5764450	5764450	SIRcenter1pca0.0005
5482499	5482499	SIRcenter1pca0.0005
3726984	3726984	SIRcenter1pca0.0005
1894413	1894413	SIRcenter1pca0.0005
5663967	5663967	SIRcenter1pca0.0005
1745463	1745463	SIRcenter1pca0.0005
1554165	1554165	SIRcenter1pca0.0005
2324136	2324136	SIRcenter1pca0.0005
5777844	5777844	SIRcenter1pca0.0005
5552997	5552997	SIRcenter1pca0.0005
4495887	4495887	SIRcenter1pca0.0005
4447131	4447131	SIRcenter1pca0.0005
4197607	4197607	SIRcenter1pca0.0005
2573691	2573691	SIRcenter1pca0.0005
4421051	4421051	SIRcenter1pca0.0005
5128184	5128184	SIRcenter1pca0.0005
3621068	3621068	SIRcenter1pca0.0005
1374251	1374251	SIRcenter1pca0.0005
1854807	1854807	SIRcenter1pca0.0005
3848245	3848245	SIRcenter1pca0.0005
2976087	2976087	SIRcenter1pca0.0005
1461562	1461562	SIRcenter1pca0.0005
2108129	2108129	SIRcenter1pca0.0005
2416637	2416637	SIRcenter1pca0.0005
1397719	1397719	SIRcenter1pca0.0005
2494261	2494261	SIRcenter1pca0.0005
2736104	2736104	SIRcenter1pca0.0005
1389226	1389226	SIRcenter1pca0.0005
4357989	4357989	SIRcenter1pca0.0005
3681885	3681885	SIRcenter1pca0.0005
2106950	2106950	SIRcenter1pca0.0005
4969102	4969102	SIRcenter1pca0.0005
2668698	2668698	SIRcenter1pca0.0005
5604985	5604985	SIRcenter1pca0.0005
2218235	2218235	SIRcenter1pca0.0005
1114207	1114207	SIRcenter1pca0.0005
3428405	3428405	SIRcenter1pca0.0005
5617629	5617629	SIRcenter1pca0.0005
1806123	1806123	SIRcenter1pca0.0005
3645389	3645389	SIRcenter1pca0.0005
2083794	2083794	SIRcenter1pca0.0005
5173999	5173999	SIRcenter1pca0.0005
5361431	5361431	SIRcenter1pca0.0005
3036072	3036072	SIRcenter1pca0.0005
4414094	4414094	SIRcenter1pca0.0005
1184866	1184866	SIRcenter1pca0.0005
3323080	3323080	SIRcenter1pca0.0005
2935636	2935636	SIRcenter1pca0.0005
3693686	3693686	SIRcenter1pca0.0005
4882467	4882467	SIRcenter1pca0.0005
1707320	1707320	SIRcenter1pca0.0005
1776531	1776531	SIRcenter1pca0.0005
5940240	5940240	SIRcenter1pca0.0005
1217051	1217051	SIRcenter1pca0.0005
1649331	1649331	SIRcenter1pca0.0005
3315600	3315600	SIRcenter1pca0.0005
4743087	4743087	SIRcenter1pca0.0005
4858392	4858392	SIRcenter1pca0.0005
2320341	2320341	SIRcenter1pca0.0005
4740131	4740131	SIRcenter1pca0.0005
2998908	2998908	SIRcenter1pca0.0005
4694656	4694656	SIRcenter1pca0.0005
1292051	1292051	SIRcenter1pca0.0005
4257934	4257934	SIRcenter1pca0.0005
4236864	4236864	SIRcenter1pca0.0005
5030825	5030825	SIRcenter1pca0.0005
1782056	1782056	SIRcenter1pca0.0005
4583130	4583130	SIRcenter1pca0.0005
4581494	4581494	SIRcenter1pca0.0005
2026807	2026807	SIRcenter1pca0.0005
5926500	5926500	SIRcenter1pca0.0005
5484948	5484948	SIRcenter1pca0.0005
1434791	1434791	SIRcenter1pca0.0005
2142108	2142108	SIRcenter1pca0.0005
3547686	3547686	SIRcenter1pca0.0005
3997768	3997768	SIRcenter1pca0.0005
3531340	3531340	SIRcenter1pca0.0005
5170831	5170831	SIRcenter1pca0.0005
1280984	1280984	SIRcenter1pca0.0005
4719626	4719626	SIRcenter1pca0.0005
3119029	3119029	SIRcenter1pca0.0005
5101586	5101586	SIRcenter1pca0.0005
2518415	2518415	SIRcenter1pca0.0005
5685292	5685292	SIRcenter1pca0.0005
2050022	2050022	SIRcenter1pca0.0005
5875807	5875807	SIRcenter1pca0.0005
4448705	4448705	SIRcenter1pca0.0005
1511193	1511193	SIRcenter1pca0.0005
5937330	5937330	SIRcenter1pca0.0005
2731358	2731358	SIRcenter1pca0.0005
4285110	4285110	SIRcenter1pca0.0005
4673716	4673716	SIRcenter1pca0.0005
1635973	1635973	SIRcenter1pca0.0005
1671389	1671389	SIRcenter1pca0.0005
4787868	4787868	SIRcenter1pca0.0005
3925009	3925009	SIRcenter1pca0.0005
5802688	5802688	SIRcenter1pca0.0005
1175572	1175572	SIRcenter1pca0.0005
1377927	1377927	SIRcenter1pca0.0005
4436405	4436405	SIRcenter1pca0.0005
5743910	5743910	SIRcenter1pca0.0005
3391263	3391263	SIRcenter1pca0.0005
5516720	5516720	SIRcenter1pca0.0005
4487084	4487084	SIRcenter1pca0.0005
4132266	4132266	SIRcenter1pca0.0005
5941187	5941187	SIRcenter1pca0.0005
2588021	2588021	SIRcenter1pca0.0005
3083393	3083393	SIRcenter1pca0.0005
2107098	2107098	SIRcenter1pca0.0005
2600979	2600979	SIRcenter1pca0.0005
5872196	5872196	SIRcenter1pca0.0005
4094756	4094756	SIRcenter1pca0.0005
3922610	3922610	SIRcenter1pca0.0005
2716285	2716285	SIRcenter1pca0.0005
2748178	2748178	SIRcenter1pca0.0005
4565915	4565915	SIRcenter1pca0.0005
4319831	4319831	SIRcenter1pca0.0005
5332492	5332492	SIRcenter1pca0.0005
2497555	2497555	SIRcenter1pca0.0005
2847082	2847082	SIRcenter1pca0.0005
4275705	4275705	SIRcenter1pca0.0005
3890093	3890093	SIRcenter1pca0.0005
2513708	2513708	SIRcenter1pca0.0005
2970049	2970049	SIRcenter1pca0.0005
5238793	5238793	SIRcenter1pca0.0005
1033764	1033764	SIRcenter1pca0.0005
3925529	3925529	SIRcenter1pca0.0005
4348370	4348370	SIRcenter1pca0.0005
2042077	2042077	SIRcenter1pca0.0005
3331872	3331872	SIRcenter1pca0.0005
3474121	3474121	SIRcenter1pca0.0005
5841323	5841323	SIRcenter1pca0.0005
3387644	3387644	SIRcenter1pca0.0005
3879893	3879893	SIRcenter1pca0.0005
3651306	3651306	SIRcenter1pca0.0005
4101873	4101873	SIRcenter1pca0.0005
4807919	4807919	SIRcenter1pca0.0005
2630497	2630497	SIRcenter1pca0.0005
2640439	2640439	SIRcenter1pca0.0005
3583371	3583371	SIRcenter1pca0.0005
3712762	3712762	SIRcenter1pca0.0005
3143649	3143649	SIRcenter1pca0.0005
1229822	1229822	SIRcenter1pca0.0005
3632719	3632719	SIRcenter1pca0.0005
4592936	4592936	SIRcenter1pca0.0005
2073313	2073313	SIRcenter1pca0.0005
4905220	4905220	SIRcenter1pca0.0005
5752803	5752803	SIRcenter1pca0.0005
4251865	4251865	SIRcenter1pca0.0005
2737221	2737221	SIRcenter1pca0.0005
1940129	1940129	SIRcenter1pca0.0005
2710663	2710663	SIRcenter1pca0.0005
4700541	4700541	SIRcenter1pca0.0005
1799870	1799870	SIRcenter1pca0.0005
4408446	4408446	SIRcenter1pca0.0005
4393201	4393201	SIRcenter1pca0.0005
2829584	2829584	SIRcenter1pca0.0005
4875743	4875743	SIRcenter1pca0.0005
1936863	1936863	SIRcenter1pca0.0005
2339406	2339406	SIRcenter1pca0.0005
1792210	1792210	SIRcenter1pca0.0005
4198403	4198403	SIRcenter1pca0.0005
1617315	1617315	SIRcenter1pca0.0005
3935697	3935697	SIRcenter1pca0.0005
5915872	5915872	SIRcenter1pca0.0005
3979491	3979491	SIRcenter1pca0.0005
5408010	5408010	SIRcenter1pca0.0005
3960398	3960398	SIRcenter1pca0.0005
4176448	4176448	SIRcenter1pca0.0005
2866281	2866281	SIRcenter1pca0.0005
4286831	4286831	SIRcenter1pca0.0005
4495654	4495654	SIRcenter1pca0.0005
4284668	4284668	SIRcenter1pca0.0005
3573105	3573105	SIRcenter1pca0.0005
3238352	3238352	SIRcenter1pca0.0005
1577395	1577395	SIRcenter1pca0.0005
2504834	2504834	SIRcenter1pca0.0005
2773050	2773050	SIRcenter1pca0.0005
1390429	1390429	SIRcenter1pca0.0005
1734035	1734035	SIRcenter1pca0.0005
2550686	2550686	SIRcenter1pca0.0005
5353654	5353654	SIRcenter1pca0.0005
1955864	1955864	SIRcenter1pca0.0005
3962649	3962649	SIRcenter1pca0.0005
3651512	3651512	SIRcenter1pca0.0005
1687092	1687092	SIRcenter1pca0.0005
5637494	5637494	SIRcenter1pca0.0005
2624283	2624283	SIRcenter1pca0.0005
4266610	4266610	SIRcenter1pca0.0005
1683220	1683220	SIRcenter1pca0.0005
3958247	3958247	SIRcenter1pca0.0005
1136546	1136546	SIRcenter1pca0.0005
2987016	2987016	SIRcenter1pca0.0005
4188873	4188873	SIRcenter1pca0.0005
5846277	5846277	SIRcenter1pca0.0005
4677618	4677618	SIRcenter1pca0.0005
1091558	1091558	SIRcenter1pca0.0005
5504303	5504303	SIRcenter1pca0.0005
3674149	3674149	SIRcenter1pca0.0005
1214834	1214834	SIRcenter1pca0.0005
5961896	5961896	SIRcenter1pca0.0005
5865849	5865849	SIRcenter1pca0.0005
5330250	5330250	SIRcenter1pca0.0005
3815302	3815302	SIRcenter1pca0.0005
4982732	4982732	SIRcenter1pca0.0005
4731621	4731621	SIRcenter1pca0.0005
2980849	2980849	SIRcenter1pca0.0005
4470853	4470853	SIRcenter1pca0.0005
4815875	4815875	SIRcenter1pca0.0005
5088499	5088499	SIRcenter1pca0.0005
4723002	4723002	SIRcenter1pca0.0005
3923517	3923517	SIRcenter1pca0.0005
2807354	2807354	SIRcenter1pca0.0005
2487782	2487782	SIRcenter1pca0.0005
3297034	3297034	SIRcenter1pca0.0005
2452303	2452303	SIRcenter1pca0.0005
3754310	3754310	SIRcenter1pca0.0005
5201203	5201203	SIRcenter1pca0.0005
4623229	4623229	SIRcenter1pca0.0005
3578059	3578059	SIRcenter1pca0.0005
2282174	2282174	SIRcenter1pca0.0005
2083374	2083374	SIRcenter1pca0.0005
4348398	4348398	SIRcenter1pca0.0005
3233423	3233423	SIRcenter1pca0.0005
3088451	3088451	SIRcenter1pca0.0005
1450701	1450701	SIRcenter1pca0.0005
5881292	5881292	SIRcenter1pca0.0005
2663579	2663579	SIRcenter1pca0.0005
3887543	3887543	SIRcenter1pca0.0005
1022953	1022953	SIRcenter1pca0.0005
2288794	2288794	SIRcenter1pca0.0005
5266608	5266608	SIRcenter1pca0.0005
4855123	4855123	SIRcenter1pca0.0005
4823089	4823089	SIRcenter1pca0.0005
1090913	1090913	SIRcenter1pca0.0005
2552245	2552245	SIRcenter1pca0.0005
1017238	1017238	SIRcenter1pca0.0005
4345738	4345738	SIRcenter1pca0.0005
5659925	5659925	SIRcenter1pca0.0005
3994477	3994477	SIRcenter1pca0.0005
1948671	1948671	SIRcenter1pca0.0005
3286338	3286338	SIRcenter1pca0.0005
3889485	3889485	SIRcenter1pca0.0005
4948187	4948187	SIRcenter1pca0.0005
3521760	3521760	SIRcenter1pca0.0005
1227825	1227825	SIRcenter1pca0.0005
5362008	5362008	SIRcenter1pca0.0005
3362780	3362780	SIRcenter1pca0.0005
1003388	1003388	SIRcenter1pca0.0005
2560107	2560107	SIRcenter1pca0.0005
5802030	5802030	SIRcenter1pca0.0005
1339855	1339855	SIRcenter1pca0.0005
3281592	3281592	SIRcenter1pca0.0005
3498379	3498379	SIRcenter1pca0.0005
3787542	3787542	SIRcenter1pca0.0005
5230885	5230885	SIRcenter1pca0.0005
2262799	2262799	SIRcenter1pca0.0005
4300946	4300946	SIRcenter1pca0.0005
3402936	3402936	SIRcenter1pca0.0005
2612012	2612012	SIRcenter1pca0.0005
1180450	1180450	SIRcenter1pca0.0005
4403036	4403036	SIRcenter1pca0.0005
5235523	5235523	SIRcenter1pca0.0005
3522002	3522002	SIRcenter1pca0.0005
5195320	5195320	SIRcenter1pca0.0005
4575218	4575218	SIRcenter1pca0.0005
1902419	1902419	SIRcenter1pca0.0005
1241016	1241016	SIRcenter1pca0.0005
1399123	1399123	SIRcenter1pca0.0005
5542356	5542356	SIRcenter1pca0.0005
5810293	5810293	SIRcenter1pca0.0005
2309796	2309796	SIRcenter1pca0.0005
5478974	5478974	SIRcenter1pca0.0005
3042837	3042837	SIRcenter1pca0.0005
1346842	1346842	SIRcenter1pca0.0005
5667847	5667847	SIRcenter1pca0.0005
1456910	1456910	SIRcenter1pca0.0005
3311740	3311740	SIRcenter1pca0.0005
4591232	4591232	SIRcenter1pca0.0005
1175572	1175572	SIRcenter1pca0.0005
2117969	2117969	SIRcenter1pca0.0005
4313657	4313657	SIRcenter1pca0.0005
1389365	1389365	SIRcenter1pca0.0005
4204541	4204541	SIRcenter1pca0.0005
1465100	1465100	SIRcenter1pca0.0005
2724547	2724547	SIRcenter1pca0.0005
3629006	3629006	SIRcenter1pca0.0005
5027502	5027502	SIRcenter1pca0.0005
1060661	1060661	SIRcenter1pca0.0005
1729946	1729946	SIRcenter1pca0.0005
5137777	5137777	SIRcenter1pca0.0005
4913658	4913658	SIRcenter1pca0.0005
2198241	2198241	SIRcenter1pca0.0005
1130523	1130523	SIRcenter1pca0.0005
3029273	3029273	SIRcenter1pca0.0005
5196754	5196754	SIRcenter1pca0.0005
5372217	5372217	SIRcenter1pca0.0005
5269887	5269887	SIRcenter1pca0.0005
4132983	4132983	SIRcenter1pca0.0005
2710394	2710394	SIRcenter1pca0.0005
4766511	4766511	SIRcenter1pca0.0005
1634280	1634280	SIRcenter1pca0.0005
3157528	3157528	SIRcenter1pca0.0005
3131553	3131553	SIRcenter1pca0.0005
3179763	3179763	SIRcenter1pca0.0005
1716993	1716993	SIRcenter1pca0.0005
1888183	1888183	SIRcenter1pca0.0005
3298510	3298510	SIRcenter1pca0.0005
4741855	4741855	SIRcenter1pca0.0005
4296682	4296682	SIRcenter1pca0.0005
4116752	4116752	SIRcenter1pca0.0005
5414188	5414188	SIRcenter1pca0.0005
4485269	4485269	SIRcenter1pca0.0005
3909518	3909518	SIRcenter1pca0.0005
4868170	4868170	SIRcenter1pca0.0005
1087741	1087741	SIRcenter1pca0.0005
4595249	4595249	SIRcenter1pca0.0005
5691182	5691182	SIRcenter1pca0.0005
5250046	5250046	SIRcenter1pca0.0005
3424557	3424557	SIRcenter1pca0.0005
2136510	2136510	SIRcenter1pca0.0005
4882981	4882981	SIRcenter1pca0.0005
3868157	3868157	SIRcenter1pca0.0005
3318953	3318953	SIRcenter1pca0.0005
2070005	2070005	SIRcenter1pca0.0005
2941713	2941713	SIRcenter1pca0.0005
5704171	5704171	SIRcenter1pca0.0005
1951451	1951451	SIRcenter1pca0.0005
2256290	2256290	SIRcenter1pca0.0005
1051339	1051339	SIRcenter1pca0.0005
5462316	5462316	SIRcenter1pca0.0005
3685421	3685421	SIRcenter1pca0.0005
4762605	4762605	SIRcenter1pca0.0005
2551535	2551535	SIRcenter1pca0.0005
1170690	1170690	SIRcenter1pca0.0005
2358275	2358275	SIRcenter1pca0.0005
4346194	4346194	SIRcenter1pca0.0005
3838788	3838788	SIRcenter1pca0.0005
4041330	4041330	SIRcenter1pca0.0005
2083397	2083397	SIRcenter1pca0.0005
5644813	5644813	SIRcenter1pca0.0005
4110576	4110576	SIRcenter1pca0.0005
1995371	1995371	SIRcenter1pca0.0005
3918830	3918830	SIRcenter1pca0.0005
5019696	5019696	SIRcenter1pca0.0005
5911525	5911525	SIRcenter1pca0.0005
1093448	1093448	SIRcenter1pca0.0005
3547501	3547501	SIRcenter1pca0.0005
4713011	4713011	SIRcenter1pca0.0005
4866852	4866852	SIRcenter1pca0.0005
1860821	1860821	SIRcenter1pca0.0005
1596174	1596174	SIRcenter1pca0.0005
5574281	5574281	SIRcenter1pca0.0005
5134433	5134433	SIRcenter1pca0.0005
1691578	1691578	SIRcenter1pca0.0005
4176448	4176448	SIRcenter1pca0.0005
5460144	5460144	SIRcenter1pca0.0005
1327366	1327366	SIRcenter1pca0.0005
3472213	3472213	SIRcenter1pca0.0005
3144968	3144968	SIRcenter1pca0.0005
2281293	2281293	SIRcenter1pca0.0005
5596405	5596405	SIRcenter1pca0.0005
3201612	3201612	SIRcenter1pca0.0005
1832608	1832608	SIRcenter1pca0.0005
5954681	5954681	SIRcenter1pca0.0005
2726364	2726364	SIRcenter1pca0.0005
5479908	5479908	SIRcenter1pca0.0005
1583959	1583959	SIRcenter1pca0.0005
3457170	3457170	SIRcenter1pca0.0005
3888536	3888536	SIRcenter1pca0.0005
5653987	5653987	SIRcenter1pca0.0005
2753994	2753994	SIRcenter1pca0.0005
5305942	5305942	SIRcenter1pca0.0005
2255728	2255728	SIRcenter1pca0.0005
5481256	5481256	SIRcenter1pca0.0005
5542851	5542851	SIRcenter1pca0.0005
3207647	3207647	SIRcenter1pca0.0005
2832583	2832583	SIRcenter1pca0.0005
3481618	3481618	SIRcenter1pca0.0005
1582039	1582039	SIRcenter1pca0.0005
5077929	5077929	SIRcenter1pca0.0005
3109563	3109563	SIRcenter1pca0.0005
5528745	5528745	SIRcenter1pca0.0005
5542103	5542103	SIRcenter1pca0.0005
3729960	3729960	SIRcenter1pca0.0005
5276441	5276441	SIRcenter1pca0.0005
3785056	3785056	SIRcenter1pca0.0005
5253108	5253108	SIRcenter1pca0.0005
2190308	2190308	SIRcenter1pca0.0005
1548875	1548875	SIRcenter1pca0.0005
5498481	5498481	SIRcenter1pca0.0005
1751177	1751177	SIRcenter1pca0.0005
1944285	1944285	SIRcenter1pca0.0005
5933350	5933350	SIRcenter1pca0.0005
5200689	5200689	SIRcenter1pca0.0005
3817664	3817664	SIRcenter1pca0.0005
2369768	2369768	SIRcenter1pca0.0005
2455545	2455545	SIRcenter1pca0.0005
1010855	1010855	SIRcenter1pca0.0005
4108652	4108652	SIRcenter1pca0.0005
5581688	5581688	SIRcenter1pca0.0005
1130746	1130746	SIRcenter1pca0.0005
3446419	3446419	SIRcenter1pca0.0005
4494067	4494067	SIRcenter1pca0.0005
3560088	3560088	SIRcenter1pca0.0005
3866035	3866035	SIRcenter1pca0.0005
4553637	4553637	SIRcenter1pca0.0005
5602897	5602897	SIRcenter1pca0.0005
5027906	5027906	SIRcenter1pca0.0005
2999837	2999837	SIRcenter1pca0.0005
5517977	5517977	SIRcenter1pca0.0005
2937896	2937896	SIRcenter1pca0.0005
1156147	1156147	SIRcenter1pca0.0005
1568069	1568069	SIRcenter1pca0.0005
5010481	5010481	SIRcenter1pca0.0005
1151134	1151134	SIRcenter1pca0.0005
1135142	1135142	SIRcenter1pca0.0005
4862793	4862793	SIRcenter1pca0.0005
4642136	4642136	SIRcenter1pca0.0005
2832583	2832583	SIRcenter1pca0.0005
5005459	5005459	SIRcenter1pca0.0005
1783587	1783587	SIRcenter1pca0.0005
1963939	1963939	SIRcenter1pca0.0005
5635410	5635410	SIRcenter1pca0.0005
4201853	4201853	SIRcenter1pca0.0005
3387813	3387813	SIRcenter1pca0.0005
3622350	3622350	SIRcenter1pca0.0005
3020976	3020976	SIRcenter1pca0.0005
3903083	3903083	SIRcenter1pca0.0005
1510008	1510008	SIRcenter1pca0.0005
4804793	4804793	SIRcenter1pca0.0005
3214321	3214321	SIRcenter1pca0.0005
1672347	1672347	SIRcenter1pca0.0005
4834277	4834277	SIRcenter1pca0.0005
4025415	4025415	SIRcenter1pca0.0005
5098519	5098519	SIRcenter1pca0.0005
2029221	2029221	SIRcenter1pca0.0005
2251653	2251653	SIRcenter1pca0.0005
2404259	2404259	SIRcenter1pca0.0005
1898989	1898989	SIRcenter1pca0.0005
1668059	1668059	SIRcenter1pca0.0005
4717061	4717061	SIRcenter1pca0.0005
5362490	5362490	SIRcenter1pca0.0005
1375285	1375285	SIRcenter1pca0.0005
3005886	3005886	SIRcenter1pca0.0005
1953856	1953856	SIRcenter1pca0.0005
3922610	3922610	SIRcenter1pca0.0005
5607432	5607432	SIRcenter1pca0.0005
4358290	4358290	SIRcenter1pca0.0005
5686785	5686785	SIRcenter1pca0.0005
3647883	3647883	SIRcenter1pca0.0005
2163928	2163928	SIRcenter1pca0.0005
1581011	1581011	SIRcenter1pca0.0005
3967281	3967281	SIRcenter1pca0.0005
2298633	2298633	SIRcenter1pca0.0005
1572894	1572894	SIRcenter1pca0.0005
4598532	4598532	SIRcenter1pca0.0005
2187691	2187691	SIRcenter1pca0.0005
3953540	3953540	SIRcenter1pca0.0005
2523287	2523287	SIRcenter1pca0.0005
1835006	1835006	SIRcenter1pca0.0005
4075305	4075305	SIRcenter1pca0.0005
4363581	4363581	SIRcenter1pca0.0005
1688312	1688312	SIRcenter1pca0.0005
1869650	1869650	SIRcenter1pca0.0005
4173089	4173089	SIRcenter1pca0.0005
2786019	2786019	SIRcenter1pca0.0005
2859247	2859247	SIRcenter1pca0.0005
1445346	1445346	SIRcenter1pca0.0005
5418394	5418394	SIRcenter1pca0.0005
4673422	4673422	SIRcenter1pca0.0005
2486038	2486038	SIRcenter1pca0.0005
4123842	4123842	SIRcenter1pca0.0005
3332030	3332030	SIRcenter1pca0.0005
3150928	3150928	SIRcenter1pca0.0005
3757276	3757276	SIRcenter1pca0.0005
1511909	1511909	SIRcenter1pca0.0005
4778339	4778339	SIRcenter1pca0.0005
5955320	5955320	SIRcenter1pca0.0005
2365699	2365699	SIRcenter1pca0.0005
4175955	4175955	SIRcenter1pca0.0005
5248873	5248873	SIRcenter1pca0.0005
1594720	1594720	SIRcenter1pca0.0005
5374337	5374337	SIRcenter1pca0.0005
2868635	2868635	SIRcenter1pca0.0005
1248278	1248278	SIRcenter1pca0.0005
1684351	1684351	SIRcenter1pca0.0005
3766409	3766409	SIRcenter1pca0.0005
2016059	2016059	SIRcenter1pca0.0005
4265527	4265527	SIRcenter1pca0.0005
1439434	1439434	SIRcenter1pca0.0005
2253833	2253833	SIRcenter1pca0.0005
4844025	4844025	SIRcenter1pca0.0005
4614491	4614491	SIRcenter1pca0.0005
4724323	4724323	SIRcenter1pca0.0005
3639677	3639677	SIRcenter1pca0.0005
1806669	1806669	SIRcenter1pca0.0005
4433590	4433590	SIRcenter1pca0.0005
4353913	4353913	SIRcenter1pca0.0005
5064789	5064789	SIRcenter1pca0.0005
3469046	3469046	SIRcenter1pca0.0005
2416160	2416160	SIRcenter1pca0.0005
4620215	4620215	SIRcenter1pca0.0005
5655299	5655299	SIRcenter1pca0.0005
2918086	2918086	SIRcenter1pca0.0005
2649915	2649915	SIRcenter1pca0.0005
3811212	3811212	SIRcenter1pca0.0005
2881726	2881726	SIRcenter1pca0.0005
4188241	4188241	SIRcenter1pca0.0005
2753159	2753159	SIRcenter1pca0.0005
3148986	3148986	SIRcenter1pca0.0005
3795477	3795477	SIRcenter1pca0.0005
1974457	1974457	SIRcenter1pca0.0005
5273997	5273997	SIRcenter1pca0.0005
5111340	5111340	SIRcenter1pca0.0005
3893170	3893170	SIRcenter1pca0.0005
2107163	2107163	SIRcenter1pca0.0005
5262071	5262071	SIRcenter1pca0.0005
1681303	1681303	SIRcenter1pca0.0005
1065481	1065481	SIRcenter1pca0.0005
3244624	3244624	SIRcenter1pca0.0005
5287542	5287542	SIRcenter1pca0.0005
5968774	5968774	SIRcenter1pca0.0005
3512527	3512527	SIRcenter1pca0.0005
4759724	4759724	SIRcenter1pca0.0005
5354445	5354445	SIRcenter1pca0.0005
4883610	4883610	SIRcenter1pca0.0005
2566918	2566918	SIRcenter1pca0.0005
3693271	3693271	SIRcenter1pca0.0005
5676978	5676978	SIRcenter1pca0.0005
4652328	4652328	SIRcenter1pca0.0005
2278096	2278096	SIRcenter1pca0.0005
3230035	3230035	SIRcenter1pca0.0005
3995028	3995028	SIRcenter1pca0.0005
1115711	1115711	SIRcenter1pca0.0005
3873370	3873370	SIRcenter1pca0.0005
5954681	5954681	SIRcenter1pca0.0005
2388218	2388218	SIRcenter1pca0.0005
5295826	5295826	SIRcenter1pca0.0005
1288934	1288934	SIRcenter1pca0.0005
1451281	1451281	SIRcenter1pca0.0005
4106026	4106026	SIRcenter1pca0.0005
4837468	4837468	SIRcenter1pca0.0005
2780686	2780686	SIRcenter1pca0.0005
3698801	3698801	SIRcenter1pca0.0005
5890390	5890390	SIRcenter1pca0.0005
5489797	5489797	SIRcenter1pca0.0005
2587676	2587676	SIRcenter1pca0.0005
4094533	4094533	SIRcenter1pca0.0005
1508182	1508182	SIRcenter1pca0.0005
4183236	4183236	SIRcenter1pca0.0005
1433458	1433458	SIRcenter1pca0.0005
4914510	4914510	SIRcenter1pca0.0005
5881138	5881138	SIRcenter1pca0.0005
3873867	3873867	SIRcenter1pca0.0005
5685292	5685292	SIRcenter1pca0.0005
5272504	5272504	SIRcenter1pca0.0005
2112632	2112632	SIRcenter1pca0.0005
4768401	4768401	SIRcenter1pca0.0005
2261296	2261296	SIRcenter1pca0.0005
5237503	5237503	SIRcenter1pca0.0005
3820609	3820609	SIRcenter1pca0.0005
5030825	5030825	SIRcenter1pca0.0005
3130918	3130918	SIRcenter1pca0.0005
5089897	5089897	SIRcenter1pca0.0005
1859169	1859169	SIRcenter1pca0.0005
2547452	2547452	SIRcenter1pca0.0005
4196637	4196637	SIRcenter1pca0.0005
1003541	1003541	SIRcenter1pca0.0005
5460659	5460659	SIRcenter1pca0.0005
1316453	1316453	SIRcenter1pca0.0005
4445478	4445478	SIRcenter1pca0.0005
4124125	4124125	SIRcenter1pca0.0005
2630040	2630040	SIRcenter1pca0.0005
1662422	1662422	SIRcenter1pca0.0005
1023413	1023413	SIRcenter1pca0.0005
5580605	5580605	SIRcenter1pca0.0005
3404068	3404068	SIRcenter1pca0.0005
1762729	1762729	SIRcenter1pca0.0005
4870046	4870046	SIRcenter1pca0.0005
5313011	5313011	SIRcenter1pca0.0005
3853478	3853478	SIRcenter1pca0.0005
1921879	1921879	SIRcenter1pca0.0005
2691682	2691682	SIRcenter1pca0.0005
2074776	2074776	SIRcenter1pca0.0005
1071525	1071525	SIRcenter1pca0.0005
4922527	4922527	SIRcenter1pca0.0005
1452425	1452425	SIRcenter1pca0.0005
2415640	2415640	SIRcenter1pca0.0005
4153591	4153591	SIRcenter1pca0.0005
4113053	4113053	SIRcenter1pca0.0005
4039647	4039647	SIRcenter1pca0.0005
2876303	2876303	SIRcenter1pca0.0005
4095863	4095863	SIRcenter1pca0.0005
4882981	4882981	SIRcenter1pca0.0005
5880544	5880544	SIRcenter1pca0.0005
2990096	2990096	SIRcenter1pca0.0005
4201016	4201016	SIRcenter1pca0.0005
5968774	5968774	SIRcenter1pca0.0005
5344018	5344018	SIRcenter1pca0.0005
4156937	4156937	SIRcenter1pca0.0005
1879824	1879824	SIRcenter1pca0.0005
4789563	4789563	SIRcenter1pca0.0005
2883881	2883881	SIRcenter1pca0.0005
2771296	2771296	SIRcenter1pca0.0005
5907216	5907216	SIRcenter1pca0.0005
2442095	2442095	SIRcenter1pca0.0005
4118281	4118281	SIRcenter1pca0.0005
1974736	1974736	SIRcenter1pca0.0005
3614300	3614300	SIRcenter1pca0.0005
5886118	5886118	SIRcenter1pca0.0005
5703018	5703018	SIRcenter1pca0.0005
3938940	3938940	SIRcenter1pca0.0005
4851990	4851990	SIRcenter1pca0.0005
2124509	2124509	SIRcenter1pca0.0005
4809334	4809334	SIRcenter1pca0.0005
4169796	4169796	SIRcenter1pca0.0005
2366939	2366939	SIRcenter1pca0.0005
5007344	5007344	SIRcenter1pca0.0005
5302033	5302033	SIRcenter1pca0.0005
2597860	2597860	SIRcenter1pca0.0005
3088828	3088828	SIRcenter1pca0.0005
5712235	5712235	SIRcenter1pca0.0005
2797265	2797265	SIRcenter1pca0.0005
5967796	5967796	SIRcenter1pca0.0005
4123842	4123842	SIRcenter1pca0.0005
2951791	2951791	SIRcenter1pca0.0005
1779773	1779773	SIRcenter1pca0.0005
5750936	5750936	SIRcenter1pca0.0005
3548949	3548949	SIRcenter1pca0.0005
2971057	2971057	SIRcenter1pca0.0005
3092026	3092026	SIRcenter1pca0.0005
4729295	4729295	SIRcenter1pca0.0005
4095166	4095166	SIRcenter1pca0.0005
1675129	1675129	SIRcenter1pca0.0005
1709858	1709858	SIRcenter1pca0.0005
5195244	5195244	SIRcenter1pca0.0005
5213707	5213707	SIRcenter1pca0.0005
1942378	1942378	SIRcenter1pca0.0005
3019147	3019147	SIRcenter1pca0.0005
1599939	1599939	SIRcenter1pca0.0005
3868157	3868157	SIRcenter1pca0.0005
3251870	3251870	SIRcenter1pca0.0005
3028772	3028772	SIRcenter1pca0.0005
1961923	1961923	SIRcenter1pca0.0005
5515346	5515346	SIRcenter1pca0.0005
4770708	4770708	SIRcenter1pca0.0005
1344274	1344274	SIRcenter1pca0.0005
1964926	1964926	SIRcenter1pca0.0005
4357989	4357989	SIRcenter1pca0.0005
2380736	2380736	SIRcenter1pca0.0005
1492462	1492462	SIRcenter1pca0.0005
5281591	5281591	SIRcenter1pca0.0005
2886749	2886749	SIRcenter1pca0.0005
5929752	5929752	SIRcenter1pca0.0005
3376723	3376723	SIRcenter1pca0.0005
1344707	1344707	SIRcenter1pca0.0005
3835436	3835436	SIRcenter1pca0.0005
4715172	4715172	SIRcenter1pca0.0005
5580513	5580513	SIRcenter1pca0.0005
4240945	4240945	SIRcenter1pca0.0005
4242746	4242746	SIRcenter1pca0.0005
4015233	4015233	SIRcenter1pca0.0005
3231384	3231384	SIRcenter1pca0.0005
2000880	2000880	SIRcenter1pca0.0005
3601429	3601429	SIRcenter1pca0.0005
3180902	3180902	SIRcenter1pca0.0005
1795904	1795904	SIRcenter1pca0.0005
3717457	3717457	SIRcenter1pca0.0005
5499701	5499701	SIRcenter1pca0.0005
3402784	3402784	SIRcenter1pca0.0005
1850641	1850641	SIRcenter1pca0.0005
5005327	5005327	SIRcenter1pca0.0005
3613420	3613420	SIRcenter1pca0.0005
2445525	2445525	SIRcenter1pca0.0005
4529283	4529283	SIRcenter1pca0.0005
1902077	1902077	SIRcenter1pca0.0005
3004206	3004206	SIRcenter1pca0.0005
4987041	4987041	SIRcenter1pca0.0005
2776927	2776927	SIRcenter1pca0.0005
1932767	1932767	SIRcenter1pca0.0005
1236733	1236733	SIRcenter1pca0.0005
3763521	3763521	SIRcenter1pca0.0005
3214321	3214321	SIRcenter1pca0.0005
4800944	4800944	SIRcenter1pca0.0005
5441731	5441731	SIRcenter1pca0.0005
1851620	1851620	SIRcenter1pca0.0005
2189570	2189570	SIRcenter1pca0.0005
2926920	2926920	SIRcenter1pca0.0005
3560065	3560065	SIRcenter1pca0.0005
4746766	4746766	SIRcenter1pca0.0005
5273997	5273997	SIRcenter1pca0.0005
5611298	5611298	SIRcenter1pca0.0005
4009330	4009330	SIRcenter1pca0.0005
1999292	1999292	SIRcenter1pca0.0005
3710254	3710254	SIRcenter1pca0.0005
1115738	1115738	SIRcenter1pca0.0005
5136537	5136537	SIRcenter1pca0.0005
5598769	5598769	SIRcenter1pca0.0005
2938822	2938822	SIRcenter1pca0.0005
2381693	2381693	SIRcenter1pca0.0005
3688836	3688836	SIRcenter1pca0.0005
3032162	3032162	SIRcenter1pca0.0005
3123377	3123377	SIRcenter1pca0.0005
1195757	1195757	SIRcenter1pca0.0005
4420987	4420987	SIRcenter1pca0.0005
4333598	4333598	SIRcenter1pca0.0005
4555923	4555923	SIRcenter1pca0.0005
2626624	2626624	SIRcenter1pca0.0005
2461902	2461902	SIRcenter1pca0.0005
4595113	4595113	SIRcenter1pca0.0005
1922748	1922748	SIRcenter1pca0.0005
5324595	5324595	SIRcenter1pca0.0005
4984547	4984547	SIRcenter1pca0.0005
3748172	3748172	SIRcenter1pca0.0005
3863336	3863336	SIRcenter1pca0.0005
3166661	3166661	SIRcenter1pca0.0005
3558379	3558379	SIRcenter1pca0.0005
2789360	2789360	SIRcenter1pca0.0005
2642820	2642820	SIRcenter1pca0.0005
1891799	1891799	SIRcenter1pca0.0005
4497558	4497558	SIRcenter1pca0.0005
3980021	3980021	SIRcenter1pca0.0005
3418503	3418503	SIRcenter1pca0.0005
2197225	2197225	SIRcenter1pca0.0005
5328878	5328878	SIRcenter1pca0.0005
1548477	1548477	SIRcenter1pca0.0005
4797230	4797230	SIRcenter1pca0.0005
4930823	4930823	SIRcenter1pca0.0005
5543140	5543140	SIRcenter1pca0.0005
5612754	5612754	SIRcenter1pca0.0005
3859161	3859161	SIRcenter1pca0.0005
3184545	3184545	SIRcenter1pca0.0005
5131714	5131714	SIRcenter1pca0.0005
1963939	1963939	SIRcenter1pca0.0005
4603293	4603293	SIRcenter1pca0.0005
5358176	5358176	SIRcenter1pca0.0005
2236631	2236631	SIRcenter1pca0.0005
4455712	4455712	SIRcenter1pca0.0005
2674038	2674038	SIRcenter1pca0.0005
4267757	4267757	SIRcenter1pca0.0005
1610551	1610551	SIRcenter1pca0.0005
5680915	5680915	SIRcenter1pca0.0005
1905442	1905442	SIRcenter1pca0.0005
4825288	4825288	SIRcenter1pca0.0005
5791186	5791186	SIRcenter1pca0.0005
3869480	3869480	SIRcenter1pca0.0005
5906674	5906674	SIRcenter1pca0.0005
5167347	5167347	SIRcenter1pca0.0005
4241743	4241743	SIRcenter1pca0.0005
1170547	1170547	SIRcenter1pca0.0005
4507336	4507336	SIRcenter1pca0.0005
5300074	5300074	SIRcenter1pca0.0005
3655096	3655096	SIRcenter1pca0.0005
5597768	5597768	SIRcenter1pca0.0005
3734457	3734457	SIRcenter1pca0.0005
2855194	2855194	SIRcenter1pca0.0005
5060865	5060865	SIRcenter1pca0.0005
1754487	1754487	SIRcenter1pca0.0005
2635267	2635267	SIRcenter1pca0.0005
1832871	1832871	SIRcenter1pca0.0005
3317621	3317621	SIRcenter1pca0.0005
2532865	2532865	SIRcenter1pca0.0005
1787507	1787507	SIRcenter1pca0.0005
4821019	4821019	SIRcenter1pca0.0005
4624321	4624321	SIRcenter1pca0.0005
3413690	3413690	SIRcenter1pca0.0005
2583147	2583147	SIRcenter1pca0.0005
4619351	4619351	SIRcenter1pca0.0005
4479552	4479552	SIRcenter1pca0.0005
3835614	3835614	SIRcenter1pca0.0005
2286976	2286976	SIRcenter1pca0.0005
5502381	5502381	SIRcenter1pca0.0005
2907194	2907194	SIRcenter1pca0.0005
3087623	3087623	SIRcenter1pca0.0005
2882786	2882786	SIRcenter1pca0.0005
2511322	2511322	SIRcenter1pca0.0005
4923317	4923317	SIRcenter1pca0.0005
3148351	3148351	SIRcenter1pca0.0005
5442923	5442923	SIRcenter1pca0.0005
5682574	5682574	SIRcenter1pca0.0005
1978013	1978013	SIRcenter1pca0.0005
1301460	1301460	SIRcenter1pca0.0005
2719744	2719744	SIRcenter1pca0.0005
1323787	1323787	SIRcenter1pca0.0005
5645584	5645584	SIRcenter1pca0.0005
1580565	1580565	SIRcenter1pca0.0005
3985192	3985192	SIRcenter1pca0.0005
1176759	1176759	SIRcenter1pca0.0005
5946000	5946000	SIRcenter1pca0.0005
3402784	3402784	SIRcenter1pca0.0005
5033915	5033915	SIRcenter1pca0.0005
2435505	2435505	SIRcenter1pca0.0005
4766668	4766668	SIRcenter1pca0.0005
4420265	4420265	SIRcenter1pca0.0005
5520126	5520126	SIRcenter1pca0.0005
5402477	5402477	SIRcenter1pca0.0005
3885567	3885567	SIRcenter1pca0.0005
5982615	5982615	SIRcenter1pca0.0005
1600601	1600601	SIRcenter1pca0.0005
1230678	1230678	SIRcenter1pca0.0005
1279813	1279813	SIRcenter1pca0.0005
2566681	2566681	SIRcenter1pca0.0005
5333103	5333103	SIRcenter1pca0.0005
3398633	3398633	SIRcenter1pca0.0005
3388575	3388575	SIRcenter1pca0.0005
1830466	1830466	SIRcenter1pca0.0005
3994889	3994889	SIRcenter1pca0.0005
1982880	1982880	SIRcenter1pca0.0005
4727686	4727686	SIRcenter1pca0.0005
3693259	3693259	SIRcenter1pca0.0005
1070409	1070409	SIRcenter1pca0.0005
3815471	3815471	SIRcenter1pca0.0005
1000482	1000482	SIRcenter1pca0.0005
1376657	1376657	SIRcenter1pca0.0005
1190736	1190736	SIRcenter1pca0.0005
1531663	1531663	SIRcenter1pca0.0005
2955975	2955975	SIRcenter1pca0.0005
1303325	1303325	SIRcenter1pca0.0005
3005997	3005997	SIRcenter1pca0.0005
4272716	4272716	SIRcenter1pca0.0005
3592253	3592253	SIRcenter1pca0.0005
4007781	4007781	SIRcenter1pca0.0005
1060072	1060072	SIRcenter1pca0.0005
4016723	4016723	SIRcenter1pca0.0005
5918880	5918880	SIRcenter1pca0.0005
2718662	2718662	SIRcenter1pca0.0005
3177588	3177588	SIRcenter1pca0.0005
2277964	2277964	SIRcenter1pca0.0005
5729118	5729118	SIRcenter1pca0.0005
5709336	5709336	SIRcenter1pca0.0005
2649114	2649114	SIRcenter1pca0.0005
2694607	2694607	SIRcenter1pca0.0005
5010481	5010481	SIRcenter1pca0.0005
4637837	4637837	SIRcenter1pca0.0005
4040224	4040224	SIRcenter1pca0.0005
1053557	1053557	SIRcenter1pca0.0005
2685964	2685964	SIRcenter1pca0.0005
2107387	2107387	SIRcenter1pca0.0005
2745117	2745117	SIRcenter1pca0.0005
5356886	5356886	SIRcenter1pca0.0005
5768863	5768863	SIRcenter1pca0.0005
5374950	5374950	SIRcenter1pca0.0005
5319540	5319540	SIRcenter1pca0.0005
4243983	4243983	SIRcenter1pca0.0005
4431480	4431480	SIRcenter1pca0.0005
2711115	2711115	SIRcenter1pca0.0005
1617470	1617470	SIRcenter1pca0.0005
5432730	5432730	SIRcenter1pca0.0005
1236616	1236616	SIRcenter1pca0.0005
5111800	5111800	SIRcenter1pca0.0005
5937594	5937594	SIRcenter1pca0.0005
4235326	4235326	SIRcenter1pca0.0005
2723033	2723033	SIRcenter1pca0.0005
1384229	1384229	SIRcenter1pca0.0005
4028711	4028711	SIRcenter1pca0.0005
2455111	2455111	SIRcenter1pca0.0005
6021060	6021060	SIRcenter1pca0.0005
3267955	3267955	SIRcenter1pca0.0005
1593878	1593878	SIRcenter1pca0.0005
1009790	1009790	SIRcenter1pca0.0005
5416222	5416222	SIRcenter1pca0.0005
5802030	5802030	SIRcenter1pca0.0005
2697348	2697348	SIRcenter1pca0.0005
5011925	5011925	SIRcenter1pca0.0005
3951093	3951093	SIRcenter1pca0.0005
3988162	3988162	SIRcenter1pca0.0005
2044997	2044997	SIRcenter1pca0.0005
3821067	3821067	SIRcenter1pca0.0005
5852991	5852991	SIRcenter1pca0.0005
1515329	1515329	SIRcenter1pca0.0005
5827569	5827569	SIRcenter1pca0.0005
2776115	2776115	SIRcenter1pca0.0005
3261623	3261623	SIRcenter1pca0.0005
3835974	3835974	SIRcenter1pca0.0005
4692754	4692754	SIRcenter1pca0.0005
4196751	4196751	SIRcenter1pca0.0005
5034764	5034764	SIRcenter1pca0.0005
1703072	1703072	SIRcenter1pca0.0005
2966361	2966361	SIRcenter1pca0.0005
1532829	1532829	SIRcenter1pca0.0005
5324595	5324595	SIRcenter1pca0.0005
3252486	3252486	SIRcenter1pca0.0005
5503949	5503949	SIRcenter1pca0.0005
2503975	2503975	SIRcenter1pca0.0005
4654322	4654322	SIRcenter1pca0.0005
3358904	3358904	SIRcenter1pca0.0005
4783716	4783716	SIRcenter1pca0.0005
1041813	1041813	SIRcenter1pca0.0005
1349296	1349296	SIRcenter1pca0.0005
4613959	4613959	SIRcenter1pca0.0005
5402477	5402477	SIRcenter1pca0.0005
1153685	1153685	SIRcenter1pca0.0005
1372277	1372277	SIRcenter1pca0.0005
4746342	4746342	SIRcenter1pca0.0005
4223899	4223899	SIRcenter1pca0.0005
1550623	1550623	SIRcenter1pca0.0005
2680952	2680952	SIRcenter1pca0.0005
5934907	5934907	SIRcenter1pca0.0005
1723387	1723387	SIRcenter1pca0.0005
1734054	1734054	SIRcenter1pca0.0005
3686246	3686246	SIRcenter1pca0.0005
4383880	4383880	SIRcenter1pca0.0005
5155345	5155345	SIRcenter1pca0.0005
2458650	2458650	SIRcenter1pca0.0005
1048706	1048706	SIRcenter1pca0.0005
4694992	4694992	SIRcenter1pca0.0005
5793940	5793940	SIRcenter1pca0.0005
4061339	4061339	SIRcenter1pca0.0005
5311744	5311744	SIRcenter1pca0.0005
3705727	3705727	SIRcenter1pca0.0005
3794596	3794596	SIRcenter1pca0.0005
3555226	3555226	SIRcenter1pca0.0005
1660412	1660412	SIRcenter1pca0.0005
1137488	1137488	SIRcenter1pca0.0005
1961299	1961299	SIRcenter1pca0.0005
3546663	3546663	SIRcenter1pca0.0005
4413655	4413655	SIRcenter1pca0.0005
5469641	5469641	SIRcenter1pca0.0005
3379392	3379392	SIRcenter1pca0.0005
4700541	4700541	SIRcenter1pca0.0005
4398639	4398639	SIRcenter1pca0.0005
1139564	1139564	SIRcenter1pca0.0005
3703810	3703810	SIRcenter1pca0.0005
3268485	3268485	SIRcenter1pca0.0005
4484087	4484087	SIRcenter1pca0.0005
4467093	4467093	SIRcenter1pca0.0005
2109326	2109326	SIRcenter1pca0.0005
2879687	2879687	SIRcenter1pca0.0005
3081098	3081098	SIRcenter1pca0.0005
3668731	3668731	SIRcenter1pca0.0005
2010330	2010330	SIRcenter1pca0.0005
3172227	3172227	SIRcenter1pca0.0005
4351049	4351049	SIRcenter1pca0.0005
1196176	1196176	SIRcenter1pca0.0005
1130133	1130133	SIRcenter1pca0.0005
1067034	1067034	SIRcenter1pca0.0005
4277689	4277689	SIRcenter1pca0.0005
3716187	3716187	SIRcenter1pca0.0005
3910654	3910654	SIRcenter1pca0.0005
1072893	1072893	SIRcenter1pca0.0005
4631698	4631698	SIRcenter1pca0.0005
3868118	3868118	SIRcenter1pca0.0005
1463185	1463185	SIRcenter1pca0.0005
1823210	1823210	SIRcenter1pca0.0005
5484948	5484948	SIRcenter1pca0.0005
2480608	2480608	SIRcenter1pca0.0005
3949061	3949061	SIRcenter1pca0.0005
5412890	5412890	SIRcenter1pca0.0005
3335240	3335240	SIRcenter1pca0.0005
3349358	3349358	SIRcenter1pca0.0005
3154584	3154584	SIRcenter1pca0.0005
1600139	1600139	SIRcenter1pca0.0005
3848245	3848245	SIRcenter1pca0.0005
2927643	2927643	SIRcenter1pca0.0005
4479043	4479043	SIRcenter1pca0.0005
1617470	1617470	SIRcenter1pca0.0005
1525117	1525117	SIRcenter1pca0.0005
5102111	5102111	SIRcenter1pca0.0005
1539170	1539170	SIRcenter1pca0.0005
5021069	5021069	SIRcenter1pca0.0005
4385538	4385538	SIRcenter1pca0.0005
4071983	4071983	SIRcenter1pca0.0005
2957722	2957722	SIRcenter1pca0.0005
2425219	2425219	SIRcenter1pca0.0005
3263938	3263938	SIRcenter1pca0.0005
5992014	5992014	SIRcenter1pca0.0005
4817193	4817193	SIRcenter1pca0.0005
4304735	4304735	SIRcenter1pca0.0005
1236616	1236616	SIRcenter1pca0.0005
3307271	3307271	SIRcenter1pca0.0005
1741844	1741844	SIRcenter1pca0.0005
4076035	4076035	SIRcenter1pca0.0005
2441470	2441470	SIRcenter1pca0.0005
2905560	2905560	SIRcenter1pca0.0005
5609730	5609730	SIRcenter1pca0.0005
2597327	2597327	SIRcenter1pca0.0005
2498420	2498420	SIRcenter1pca0.0005
5426740	5426740	SIRcenter1pca0.0005
5065760	5065760	SIRcenter1pca0.0005
5531292	5531292	SIRcenter1pca0.0005
2547631	2547631	SIRcenter1pca0.0005
2322493	2322493	SIRcenter1pca0.0005
2802918	2802918	SIRcenter1pca0.0005
1739425	1739425	SIRcenter1pca0.0005
5326394	5326394	SIRcenter1pca0.0005
5585880	5585880	SIRcenter1pca0.0005
4162022	4162022	SIRcenter1pca0.0005
5704473	5704473	SIRcenter1pca0.0005
4347782	4347782	SIRcenter1pca0.0005
5071137	5071137	SIRcenter1pca0.0005
2938930	2938930	SIRcenter1pca0.0005
1669793	1669793	SIRcenter1pca0.0005
5864980	5864980	SIRcenter1pca0.0005
4372715	4372715	SIRcenter1pca0.0005
5056368	5056368	SIRcenter1pca0.0005
4465715	4465715	SIRcenter1pca0.0005
1580904	1580904	SIRcenter1pca0.0005
3256734	3256734	SIRcenter1pca0.0005
2258498	2258498	SIRcenter1pca0.0005
5173999	5173999	SIRcenter1pca0.0005
3874145	3874145	SIRcenter1pca0.0005
5413900	5413900	SIRcenter1pca0.0005
4302143	4302143	SIRcenter1pca0.0005
3511980	3511980	SIRcenter1pca0.0005
2972515	2972515	SIRcenter1pca0.0005
2431322	2431322	SIRcenter1pca0.0005
3878361	3878361	SIRcenter1pca0.0005
1638137	1638137	SIRcenter1pca0.0005
4812724	4812724	SIRcenter1pca0.0005
3066493	3066493	SIRcenter1pca0.0005
1994000	1994000	SIRcenter1pca0.0005
1941052	1941052	SIRcenter1pca0.0005
5089897	5089897	SIRcenter1pca0.0005
4450498	4450498	SIRcenter1pca0.0005
2606850	2606850	SIRcenter1pca0.0005
2357220	2357220	SIRcenter1pca0.0005
2768621	2768621	SIRcenter1pca0.0005
2532591	2532591	SIRcenter1pca0.0005
2879290	2879290	SIRcenter1pca0.0005
3371357	3371357	SIRcenter1pca0.0005
4371133	4371133	SIRcenter1pca0.0005
2106297	2106297	SIRcenter1pca0.0005
3462068	3462068	SIRcenter1pca0.0005
6011145	6011145	SIRcenter1pca0.0005
5552328	5552328	SIRcenter1pca0.0005
1331675	1331675	SIRcenter1pca0.0005
2146045	2146045	SIRcenter1pca0.0005
4694992	4694992	SIRcenter1pca0.0005
4503136	4503136	SIRcenter1pca0.0005
4203733	4203733	SIRcenter1pca0.0005
1718336	1718336	SIRcenter1pca0.0005
5833688	5833688	SIRcenter1pca0.0005
1488272	1488272	SIRcenter1pca0.0005
4723002	4723002	SIRcenter1pca0.0005
1289690	1289690	SIRcenter1pca0.0005
1821529	1821529	SIRcenter1pca0.0005
5253232	5253232	SIRcenter1pca0.0005
5327094	5327094	SIRcenter1pca0.0005
2380634	2380634	SIRcenter1pca0.0005
4074108	4074108	SIRcenter1pca0.0005
2659783	2659783	SIRcenter1pca0.0005
5797929	5797929	SIRcenter1pca0.0005
5900247	5900247	SIRcenter1pca0.0005
4668409	4668409	SIRcenter1pca0.0005
5269887	5269887	SIRcenter1pca0.0005
2344457	2344457	SIRcenter1pca0.0005
2981552	2981552	SIRcenter1pca0.0005
5513573	5513573	SIRcenter1pca0.0005
2371543	2371543	SIRcenter1pca0.0005
4985306	4985306	SIRcenter1pca0.0005
1742461	1742461	SIRcenter1pca0.0005
1929012	1929012	SIRcenter1pca0.0005
1140391	1140391	SIRcenter1pca0.0005
3048605	3048605	SIRcenter1pca0.0005
2767582	2767582	SIRcenter1pca0.0005
2354683	2354683	SIRcenter1pca0.0005
2379337	2379337	SIRcenter1pca0.0005
5415799	5415799	SIRcenter1pca0.0005
4905419	4905419	SIRcenter1pca0.0005
5740639	5740639	SIRcenter1pca0.0005
2993125	2993125	SIRcenter1pca0.0005
4551296	4551296	SIRcenter1pca0.0005
3331985	3331985	SIRcenter1pca0.0005
1147156	1147156	SIRcenter1pca0.0005
4925592	4925592	SIRcenter1pca0.0005
2883881	2883881	SIRcenter1pca0.0005
4878030	4878030	SIRcenter1pca0.0005
4298310	4298310	SIRcenter1pca0.0005
2691273	2691273	SIRcenter1pca0.0005
2085404	2085404	SIRcenter1pca0.0005
4685069	4685069	SIRcenter1pca0.0005
4958345	4958345	SIRcenter1pca0.0005
2416160	2416160	SIRcenter1pca0.0005
2959825	2959825	SIRcenter1pca0.0005
1654922	1654922	SIRcenter1pca0.0005
1961405	1961405	SIRcenter1pca0.0005
5919073	5919073	SIRcenter1pca0.0005
5015801	5015801	SIRcenter1pca0.0005
5932240	5932240	SIRcenter1pca0.0005
4306219	4306219	SIRcenter1pca0.0005
1160383	1160383	SIRcenter1pca0.0005
2429031	2429031	SIRcenter1pca0.0005
1859169	1859169	SIRcenter1pca0.0005
1013362	1013362	SIRcenter1pca0.0005
2379468	2379468	SIRcenter1pca0.0005
2743196	2743196	SIRcenter1pca0.0005
5986233	5986233	SIRcenter1pca0.0005
5296281	5296281	SIRcenter1pca0.0005
4708673	4708673	SIRcenter1pca0.0005
2385117	2385117	SIRcenter1pca0.0005
2124509	2124509	SIRcenter1pca0.0005
1195519	1195519	SIRcenter1pca0.0005
4947256	4947256	SIRcenter1pca0.0005
2606850	2606850	SIRcenter1pca0.0005
1800445	1800445	SIRcenter1pca0.0005
2697223	2697223	SIRcenter1pca0.0005
2194785	2194785	SIRcenter1pca0.0005
3921666	3921666	SIRcenter1pca0.0005
4711648	4711648	SIRcenter1pca0.0005
4260873	4260873	SIRcenter1pca0.0005
4295239	4295239	SIRcenter1pca0.0005
5362008	5362008	SIRcenter1pca0.0005
5757216	5757216	SIRcenter1pca0.0005
1698406	1698406	SIRcenter1pca0.0005
4042216	4042216	SIRcenter1pca0.0005
3470903	3470903	SIRcenter1pca0.0005
3887610	3887610	SIRcenter1pca0.0005
4821683	4821683	SIRcenter1pca0.0005
3088675	3088675	SIRcenter1pca0.0005
1121000	1121000	SIRcenter1pca0.0005
1600139	1600139	SIRcenter1pca0.0005
2293769	2293769	SIRcenter1pca0.0005
4555486	4555486	SIRcenter1pca0.0005
5106928	5106928	SIRcenter1pca0.0005
3921497	3921497	SIRcenter1pca0.0005
4966230	4966230	SIRcenter1pca0.0005
5067895	5067895	SIRcenter1pca0.0005
4986242	4986242	SIRcenter1pca0.0005
2144353	2144353	SIRcenter1pca0.0005
3782964	3782964	SIRcenter1pca0.0005
4966712	4966712	SIRcenter1pca0.0005
5684092	5684092	SIRcenter1pca0.0005
4028904	4028904	SIRcenter1pca0.0005
1301833	1301833	SIRcenter1pca0.0005
3079839	3079839	SIRcenter1pca0.0005
1070569	1070569	SIRcenter1pca0.0005
3113425	3113425	SIRcenter1pca0.0005
3502116	3502116	SIRcenter1pca0.0005
5938569	5938569	SIRcenter1pca0.0005
4674080	4674080	SIRcenter1pca0.0005
3963127	3963127	SIRcenter1pca0.0005
2030094	2030094	SIRcenter1pca0.0005
2194785	2194785	SIRcenter1pca0.0005
1698067	1698067	SIRcenter1pca0.0005
3570075	3570075	SIRcenter1pca0.0005
1404136	1404136	SIRcenter1pca0.0005
3277584	3277584	SIRcenter1pca0.0005
5050919	5050919	SIRcenter1pca0.0005
2026807	2026807	SIRcenter1pca0.0005
3268881	3268881	SIRcenter1pca0.0005
4082024	4082024	SIRcenter1pca0.0005
3696194	3696194	SIRcenter1pca0.0005
4793029	4793029	SIRcenter1pca0.0005
2067210	2067210	SIRcenter1pca0.0005
3037901	3037901	SIRcenter1pca0.0005
1311662	1311662	SIRcenter1pca0.0005
5403862	5403862	SIRcenter1pca0.0005
1431785	1431785	SIRcenter1pca0.0005
2703479	2703479	SIRcenter1pca0.0005
1666475	1666475	SIRcenter1pca0.0005
1428048	1428048	SIRcenter1pca0.0005
2130680	2130680	SIRcenter1pca0.0005
3643646	3643646	SIRcenter1pca0.0005
4296113	4296113	SIRcenter1pca0.0005
5180747	5180747	SIRcenter1pca0.0005
3268244	3268244	SIRcenter1pca0.0005
2539763	2539763	SIRcenter1pca0.0005
5755557	5755557	SIRcenter1pca0.0005
3844283	3844283	SIRcenter1pca0.0005
2716901	2716901	SIRcenter1pca0.0005
5469463	5469463	SIRcenter1pca0.0005
4120365	4120365	SIRcenter1pca0.0005
4757937	4757937	SIRcenter1pca0.0005
3138071	3138071	SIRcenter1pca0.0005
2607585	2607585	SIRcenter1pca0.0005
3441874	3441874	SIRcenter1pca0.0005
5372570	5372570	SIRcenter1pca0.0005
4171844	4171844	SIRcenter1pca0.0005
4945442	4945442	SIRcenter1pca0.0005
4610130	4610130	SIRcenter1pca0.0005
3718292	3718292	SIRcenter1pca0.0005
3346719	3346719	SIRcenter1pca0.0005
2670142	2670142	SIRcenter1pca0.0005
5122586	5122586	SIRcenter1pca0.0005
2032957	2032957	SIRcenter1pca0.0005
1018978	1018978	SIRcenter1pca0.0005
5839031	5839031	SIRcenter1pca0.0005
1947026	1947026	SIRcenter1pca0.0005
2808045	2808045	SIRcenter1pca0.0005
1431215	1431215	SIRcenter1pca0.0005
2009143	2009143	SIRcenter1pca0.0005
4004983	4004983	SIRcenter1pca0.0005
4586563	4586563	SIRcenter1pca0.0005
1299551	1299551	SIRcenter1pca0.0005
5701698	5701698	SIRcenter1pca0.0005
5588789	5588789	SIRcenter1pca0.0005
1246889	1246889	SIRcenter1pca0.0005
4455712	4455712	SIRcenter1pca0.0005
1344274	1344274	SIRcenter1pca0.0005
2522478	2522478	SIRcenter1pca0.0005
2281485	2281485	SIRcenter1pca0.0005
1556986	1556986	SIRcenter1pca0.0005
4247174	4247174	SIRcenter1pca0.0005
3585884	3585884	SIRcenter1pca0.0005
2928196	2928196	SIRcenter1pca0.0005
1860355	1860355	SIRcenter1pca0.0005
3544800	3544800	SIRcenter1pca0.0005
4619550	4619550	SIRcenter1pca0.0005
2152269	2152269	SIRcenter1pca0.0005
2063543	2063543	SIRcenter1pca0.0005
5968774	5968774	SIRcenter1pca0.0005
1277075	1277075	SIRcenter1pca0.0005
1130632	1130632	SIRcenter1pca0.0005
4741498	4741498	SIRcenter1pca0.0005
2517706	2517706	SIRcenter1pca0.0005
3712436	3712436	SIRcenter1pca0.0005
3712073	3712073	SIRcenter1pca0.0005
4982196	4982196	SIRcenter1pca0.0005
4900171	4900171	SIRcenter1pca0.0005
4419437	4419437	SIRcenter1pca0.0005
3933040	3933040	SIRcenter1pca0.0005
4481879	4481879	SIRcenter1pca0.0005
5784548	5784548	SIRcenter1pca0.0005
5800471	5800471	SIRcenter1pca0.0005
2603396	2603396	SIRcenter1pca0.0005
4010661	4010661	SIRcenter1pca0.0005
2377308	2377308	SIRcenter1pca0.0005
3283531	3283531	SIRcenter1pca0.0005
1634280	1634280	SIRcenter1pca0.0005
1600392	1600392	SIRcenter1pca0.0005
5548583	5548583	SIRcenter1pca0.0005
5703753	5703753	SIRcenter1pca0.0005
4388214	4388214	SIRcenter1pca0.0005
1989176	1989176	SIRcenter1pca0.0005
4644818	4644818	SIRcenter1pca0.0005
2449595	2449595	SIRcenter1pca0.0005
3182750	3182750	SIRcenter1pca0.0005
2899506	2899506	SIRcenter1pca0.0005
4882981	4882981	SIRcenter1pca0.0005
5313586	5313586	SIRcenter1pca0.0005
5330785	5330785	SIRcenter1pca0.0005
1779773	1779773	SIRcenter1pca0.0005
4892837	4892837	SIRcenter1pca0.0005
1453423	1453423	SIRcenter1pca0.0005
3194128	3194128	SIRcenter1pca0.0005
5346721	5346721	SIRcenter1pca0.0005
5341855	5341855	SIRcenter1pca0.0005
4120108	4120108	SIRcenter1pca0.0005
2228369	2228369	SIRcenter1pca0.0005
2329226	2329226	SIRcenter1pca0.0005
4121939	4121939	SIRcenter1pca0.0005
2917516	2917516	SIRcenter1pca0.0005
2179105	2179105	SIRcenter1pca0.0005
2079961	2079961	SIRcenter1pca0.0005
2502115	2502115	SIRcenter1pca0.0005
4193930	4193930	SIRcenter1pca0.0005
3180854	3180854	SIRcenter1pca0.0005
1411681	1411681	SIRcenter1pca0.0005
3987608	3987608	SIRcenter1pca0.0005
5037854	5037854	SIRcenter1pca0.0005
5129714	5129714	SIRcenter1pca0.0005
3273290	3273290	SIRcenter1pca0.0005
3714888	3714888	SIRcenter1pca0.0005
1956865	1956865	SIRcenter1pca0.0005
2817816	2817816	SIRcenter1pca0.0005
2483389	2483389	SIRcenter1pca0.0005
4962467	4962467	SIRcenter1pca0.0005
1733380	1733380	SIRcenter1pca0.0005
5757989	5757989	SIRcenter1pca0.0005
5266284	5266284	SIRcenter1pca0.0005
3244691	3244691	SIRcenter1pca0.0005
3397774	3397774	SIRcenter1pca0.0005
1550721	1550721	SIRcenter1pca0.0005
3933167	3933167	SIRcenter1pca0.0005
1335051	1335051	SIRcenter1pca0.0005
3458788	3458788	SIRcenter1pca0.0005
4046206	4046206	SIRcenter1pca0.0005
2970837	2970837	SIRcenter1pca0.0005
3345570	3345570	SIRcenter1pca0.0005
1238696	1238696	SIRcenter1pca0.0005
4013869	4013869	SIRcenter1pca0.0005
2056271	2056271	SIRcenter1pca0.0005
5358548	5358548	SIRcenter1pca0.0005
3363422	3363422	SIRcenter1pca0.0005
3046802	3046802	SIRcenter1pca0.0005
2809467	2809467	SIRcenter1pca0.0005
5499396	5499396	SIRcenter1pca0.0005
3642792	3642792	SIRcenter1pca0.0005
3095495	3095495	SIRcenter1pca0.0005
1266921	1266921	SIRcenter1pca0.0005
1953185	1953185	SIRcenter1pca0.0005
1289690	1289690	SIRcenter1pca0.0005
2320790	2320790	SIRcenter1pca0.0005
5503699	5503699	SIRcenter1pca0.0005
4455101	4455101	SIRcenter1pca0.0005
5903821	5903821	SIRcenter1pca0.0005
5214023	5214023	SIRcenter1pca0.0005
2597327	2597327	SIRcenter1pca0.0005
2860532	2860532	SIRcenter1pca0.0005
5400057	5400057	SIRcenter1pca0.0005
5355576	5355576	SIRcenter1pca0.0005
5932181	5932181	SIRcenter1pca0.0005
1428943	1428943	SIRcenter1pca0.0005
4077591	4077591	SIRcenter1pca0.0005
3566970	3566970	SIRcenter1pca0.0005
4246017	4246017	SIRcenter1pca0.0005
4963185	4963185	SIRcenter1pca0.0005
3742948	3742948	SIRcenter1pca0.0005
2371162	2371162	SIRcenter1pca0.0005
1072153	1072153	SIRcenter1pca0.0005
1783079	1783079	SIRcenter1pca0.0005
1360751	1360751	SIRcenter1pca0.0005
3655888	3655888	SIRcenter1pca0.0005
1669793	1669793	SIRcenter1pca0.0005
4555738	4555738	SIRcenter1pca0.0005
3300560	3300560	SIRcenter1pca0.0005
5132906	5132906	SIRcenter1pca0.0005
5015876	5015876	SIRcenter1pca0.0005
4703278	4703278	SIRcenter1pca0.0005
1302964	1302964	SIRcenter1pca0.0005
2816083	2816083	SIRcenter1pca0.0005
3652174	3652174	SIRcenter1pca0.0005
3991342	3991342	SIRcenter1pca0.0005
1230709	1230709	SIRcenter1pca0.0005
2872576	2872576	SIRcenter1pca0.0005
4860221	4860221	SIRcenter1pca0.0005
4200702	4200702	SIRcenter1pca0.0005
2914702	2914702	SIRcenter1pca0.0005
5132304	5132304	SIRcenter1pca0.0005
5063015	5063015	SIRcenter1pca0.0005
1367989	1367989	SIRcenter1pca0.0005
1210311	1210311	SIRcenter1pca0.0005
4865371	4865371	SIRcenter1pca0.0005
1842408	1842408	SIRcenter1pca0.0005
1374307	1374307	SIRcenter1pca0.0005
5093371	5093371	SIRcenter1pca0.0005
4452653	4452653	SIRcenter1pca0.0005
3682440	3682440	SIRcenter1pca0.0005
5817906	5817906	SIRcenter1pca0.0005
1267714	1267714	SIRcenter1pca0.0005
1775108	1775108	SIRcenter1pca0.0005
1479273	1479273	SIRcenter1pca0.0005
5338660	5338660	SIRcenter1pca0.0005
3642792	3642792	SIRcenter1pca0.0005
2063028	2063028	SIRcenter1pca0.0005
4847958	4847958	SIRcenter1pca0.0005
3116860	3116860	SIRcenter1pca0.0005
5287223	5287223	SIRcenter1pca0.0005
3984232	3984232	SIRcenter1pca0.0005
3219197	3219197	SIRcenter1pca0.0005
4349983	4349983	SIRcenter1pca0.0005
1293504	1293504	SIRcenter1pca0.0005
4674013	4674013	SIRcenter1pca0.0005
2290269	2290269	SIRcenter1pca0.0005
3717392	3717392	SIRcenter1pca0.0005
4331013	4331013	SIRcenter1pca0.0005
5012824	5012824	SIRcenter1pca0.0005
1005476	1005476	SIRcenter1pca0.0005
3555485	3555485	SIRcenter1pca0.0005
5548839	5548839	SIRcenter1pca0.0005
5543140	5543140	SIRcenter1pca0.0005
3082203	3082203	SIRcenter1pca0.0005
2715871	2715871	SIRcenter1pca0.0005
1249922	1249922	SIRcenter1pca0.0005
1327681	1327681	SIRcenter1pca0.0005
2944922	2944922	SIRcenter1pca0.0005
1612023	1612023	SIRcenter1pca0.0005
5381733	5381733	SIRcenter1pca0.0005
5170969	5170969	SIRcenter1pca0.0005
1123950	1123950	SIRcenter1pca0.0005
2576040	2576040	SIRcenter1pca0.0005
4240706	4240706	SIRcenter1pca0.0005
4926042	4926042	SIRcenter1pca0.0005
6007410	6007410	SIRcenter1pca0.0005
2556861	2556861	SIRcenter1pca0.0005
4464107	4464107	SIRcenter1pca0.0005
5503699	5503699	SIRcenter1pca0.0005
4622953	4622953	SIRcenter1pca0.0005
4384460	4384460	SIRcenter1pca0.0005
2958065	2958065	SIRcenter1pca0.0005
1364431	1364431	SIRcenter1pca0.0005
3094418	3094418	SIRcenter1pca0.0005
4982196	4982196	SIRcenter1pca0.0005
4646460	4646460	SIRcenter1pca0.0005
5936189	5936189	SIRcenter1pca0.0005
3923963	3923963	SIRcenter1pca0.0005
2631952	2631952	SIRcenter1pca0.0005
2314966	2314966	SIRcenter1pca0.0005
1175572	1175572	SIRcenter1pca0.0005
4443565	4443565	SIRcenter1pca0.0005
1584898	1584898	SIRcenter1pca0.0005
2057245	2057245	SIRcenter1pca0.0005
3592342	3592342	SIRcenter1pca0.0005
2037572	2037572	SIRcenter1pca0.0005
2918525	2918525	SIRcenter1pca0.0005
5889574	5889574	SIRcenter1pca0.0005
2121278	2121278	SIRcenter1pca0.0005
3122178	3122178	SIRcenter1pca0.0005
3107739	3107739	SIRcenter1pca0.0005
4417551	4417551	SIRcenter1pca0.0005
3705125	3705125	SIRcenter1pca0.0005
5516122	5516122	SIRcenter1pca0.0005
5025328	5025328	SIRcenter1pca0.0005
1443734	1443734	SIRcenter1pca0.0005
2177074	2177074	SIRcenter1pca0.0005
4540264	4540264	SIRcenter1pca0.0005
5354618	5354618	SIRcenter1pca0.0005
2935655	2935655	SIRcenter1pca0.0005
3504365	3504365	SIRcenter1pca0.0005
2359497	2359497	SIRcenter1pca0.0005
3744507	3744507	SIRcenter1pca0.0005
4723002	4723002	SIRcenter1pca0.0005
1724418	1724418	SIRcenter1pca0.0005
1595452	1595452	SIRcenter1pca0.0005
4166038	4166038	SIRcenter1pca0.0005
5919380	5919380	SIRcenter1pca0.0005
4509727	4509727	SIRcenter1pca0.0005
4300802	4300802	SIRcenter1pca0.0005
2687043	2687043	SIRcenter1pca0.0005
5214958	5214958	SIRcenter1pca0.0005
5725079	5725079	SIRcenter1pca0.0005
5381509	5381509	SIRcenter1pca0.0005
3561292	3561292	SIRcenter1pca0.0005
3338784	3338784	SIRcenter1pca0.0005
2798601	2798601	SIRcenter1pca0.0005
1051855	1051855	SIRcenter1pca0.0005
5432125	5432125	SIRcenter1pca0.0005
1051855	1051855	SIRcenter1pca0.0005
3592212	3592212	SIRcenter1pca0.0005
4306610	4306610	SIRcenter1pca0.0005
2023784	2023784	SIRcenter1pca0.0005
4511071	4511071	SIRcenter1pca0.0005
1599451	1599451	SIRcenter1pca0.0005
2575956	2575956	SIRcenter1pca0.0005
4725316	4725316	SIRcenter1pca0.0005
2632826	2632826	SIRcenter1pca0.0005
3134002	3134002	SIRcenter1pca0.0005
4358825	4358825	SIRcenter1pca0.0005
5400057	5400057	SIRcenter1pca0.0005
5295826	5295826	SIRcenter1pca0.0005
3835424	3835424	SIRcenter1pca0.0005
1397828	1397828	SIRcenter1pca0.0005
4451598	4451598	SIRcenter1pca0.0005
1677704	1677704	SIRcenter1pca0.0005
3252350	3252350	SIRcenter1pca0.0005
4946850	4946850	SIRcenter1pca0.0005
1256756	1256756	SIRcenter1pca0.0005
4152009	4152009	SIRcenter1pca0.0005
3662798	3662798	SIRcenter1pca0.0005
1549077	1549077	SIRcenter1pca0.0005
2110556	2110556	SIRcenter1pca0.0005
5607602	5607602	SIRcenter1pca0.0005
5889866	5889866	SIRcenter1pca0.0005
3675496	3675496	SIRcenter1pca0.0005
3835158	3835158	SIRcenter1pca0.0005
2564893	2564893	SIRcenter1pca0.0005
5314877	5314877	SIRcenter1pca0.0005
5240339	5240339	SIRcenter1pca0.0005
3704750	3704750	SIRcenter1pca0.0005
3874363	3874363	SIRcenter1pca0.0005
2859552	2859552	SIRcenter1pca0.0005
2389058	2389058	SIRcenter1pca0.0005
4838816	4838816	SIRcenter1pca0.0005
5641160	5641160	SIRcenter1pca0.0005
3398731	3398731	SIRcenter1pca0.0005
3783604	3783604	SIRcenter1pca0.0005
4963775	4963775	SIRcenter1pca0.0005
2356234	2356234	SIRcenter1pca0.0005
2881566	2881566	SIRcenter1pca0.0005
4890157	4890157	SIRcenter1pca0.0005
2632549	2632549	SIRcenter1pca0.0005
4669586	4669586	SIRcenter1pca0.0005
2372993	2372993	SIRcenter1pca0.0005
1221527	1221527	SIRcenter1pca0.0005
4458187	4458187	SIRcenter1pca0.0005
1716682	1716682	SIRcenter1pca0.0005
1605084	1605084	SIRcenter1pca0.0005
5919073	5919073	SIRcenter1pca0.0005
2438745	2438745	SIRcenter1pca0.0005
4289921	4289921	SIRcenter1pca0.0005
5272504	5272504	SIRcenter1pca0.0005
2718103	2718103	SIRcenter1pca0.0005
2154883	2154883	SIRcenter1pca0.0005
4997938	4997938	SIRcenter1pca0.0005
2812800	2812800	SIRcenter1pca0.0005
5664121	5664121	SIRcenter1pca0.0005
3438867	3438867	SIRcenter1pca0.0005
2767052	2767052	SIRcenter1pca0.0005
1669793	1669793	SIRcenter1pca0.0005
3143098	3143098	SIRcenter1pca0.0005
4960333	4960333	SIRcenter1pca0.0005
4683122	4683122	SIRcenter1pca0.0005
2659280	2659280	SIRcenter1pca0.0005
5013107	5013107	SIRcenter1pca0.0005
2256964	2256964	SIRcenter1pca0.0005
4132250	4132250	SIRcenter1pca0.0005
5585977	5585977	SIRcenter1pca0.0005
1538653	1538653	SIRcenter1pca0.0005
3820656	3820656	SIRcenter1pca0.0005
4141456	4141456	SIRcenter1pca0.0005
5684816	5684816	SIRcenter1pca0.0005
4460129	4460129	SIRcenter1pca0.0005
1258553	1258553	SIRcenter1pca0.0005
3096396	3096396	SIRcenter1pca0.0005
5106475	5106475	SIRcenter1pca0.0005
5784608	5784608	SIRcenter1pca0.0005
5247632	5247632	SIRcenter1pca0.0005
5763757	5763757	SIRcenter1pca0.0005
5506043	5506043	SIRcenter1pca0.0005
3298510	3298510	SIRcenter1pca0.0005
1548875	1548875	SIRcenter1pca0.0005
2081101	2081101	SIRcenter1pca0.0005
1051377	1051377	SIRcenter1pca0.0005
3251132	3251132	SIRcenter1pca0.0005
3092026	3092026	SIRcenter1pca0.0005
1868496	1868496	SIRcenter1pca0.0005
4743966	4743966	SIRcenter1pca0.0005
3459044	3459044	SIRcenter1pca0.0005
2452882	2452882	SIRcenter1pca0.0005
4276178	4276178	SIRcenter1pca0.0005
2202283	2202283	SIRcenter1pca0.0005
5330250	5330250	SIRcenter1pca0.0005
2407090	2407090	SIRcenter1pca0.0005
1389365	1389365	SIRcenter1pca0.0005
2554462	2554462	SIRcenter1pca0.0005
1016706	1016706	SIRcenter1pca0.0005
1305505	1305505	SIRcenter1pca0.0005
5523868	5523868	SIRcenter1pca0.0005
5913358	5913358	SIRcenter1pca0.0005
3491814	3491814	SIRcenter1pca0.0005
3029273	3029273	SIRcenter1pca0.0005
2720909	2720909	SIRcenter1pca0.0005
4883610	4883610	SIRcenter1pca0.0005
2505019	2505019	SIRcenter1pca0.0005
5911542	5911542	SIRcenter1pca0.0005
5045009	5045009	SIRcenter1pca0.0005
5839031	5839031	SIRcenter1pca0.0005
4614491	4614491	SIRcenter1pca0.0005
1924451	1924451	SIRcenter1pca0.0005
4949732	4949732	SIRcenter1pca0.0005
3900965	3900965	SIRcenter1pca0.0005
5509495	5509495	SIRcenter1pca0.0005
3863866	3863866	SIRcenter1pca0.0005
1191596	1191596	SIRcenter1pca0.0005
2048544	2048544	SIRcenter1pca0.0005
2156710	2156710	SIRcenter1pca0.0005
5880480	5880480	SIRcenter1pca0.0005
5893039	5893039	SIRcenter1pca0.0005
2450908	2450908	SIRcenter1pca0.0005
5634862	5634862	SIRcenter1pca0.0005
3062612	3062612	SIRcenter1pca0.0005
4117814	4117814	SIRcenter1pca0.0005
1368384	1368384	SIRcenter1pca0.0005
4664155	4664155	SIRcenter1pca0.0005
1386301	1386301	SIRcenter1pca0.0005
5852991	5852991	SIRcenter1pca0.0005
3869480	3869480	SIRcenter1pca0.0005
3992370	3992370	SIRcenter1pca0.0005
3886334	3886334	SIRcenter1pca0.0005
1667087	1667087	SIRcenter1pca0.0005
2809499	2809499	SIRcenter1pca0.0005
2593848	2593848	SIRcenter1pca0.0005
3536328	3536328	SIRcenter1pca0.0005
1135936	1135936	SIRcenter1pca0.0005
2324309	2324309	SIRcenter1pca0.0005
3737643	3737643	SIRcenter1pca0.0005
1830745	1830745	SIRcenter1pca0.0005
4652328	4652328	SIRcenter1pca0.0005
5982381	5982381	SIRcenter1pca0.0005
2281485	2281485	SIRcenter1pca0.0005
2945936	2945936	SIRcenter1pca0.0005
1831811	1831811	SIRcenter1pca0.0005
5331741	5331741	SIRcenter1pca0.0005
3796433	3796433	SIRcenter1pca0.0005
3719861	3719861	SIRcenter1pca0.0005
4898214	4898214	SIRcenter1pca0.0005
4148826	4148826	SIRcenter1pca0.0005
5150863	5150863	SIRcenter1pca0.0005
3214382	3214382	SIRcenter1pca0.0005
5988796	5988796	SIRcenter1pca0.0005
5462603	5462603	SIRcenter1pca0.0005
5733457	5733457	SIRcenter1pca0.0005
5544008	5544008	SIRcenter1pca0.0005
5263076	5263076	SIRcenter1pca0.0005
1150380	1150380	SIRcenter1pca0.0005
5274826	5274826	SIRcenter1pca0.0005
2123177	2123177	SIRcenter1pca0.0005
3496790	3496790	SIRcenter1pca0.0005
3272895	3272895	SIRcenter1pca0.0005
3252592	3252592	SIRcenter1pca0.0005
3962815	3962815	SIRcenter1pca0.0005
3007638	3007638	SIRcenter1pca0.0005
2148127	2148127	SIRcenter1pca0.0005
1309174	1309174	SIRcenter1pca0.0005
3197177	3197177	SIRcenter1pca0.0005
3909114	3909114	SIRcenter1pca0.0005
3785217	3785217	SIRcenter1pca0.0005
2092121	2092121	SIRcenter1pca0.0005
1895716	1895716	SIRcenter1pca0.0005
2497764	2497764	SIRcenter1pca0.0005
2111413	2111413	SIRcenter1pca0.0005
1951495	1951495	SIRcenter1pca0.0005
2805106	2805106	SIRcenter1pca0.0005
4452896	4452896	SIRcenter1pca0.0005
2953164	2953164	SIRcenter1pca0.0005
4900468	4900468	SIRcenter1pca0.0005
2602637	2602637	SIRcenter1pca0.0005
4177838	4177838	SIRcenter1pca0.0005
5039875	5039875	SIRcenter1pca0.0005
1056827	1056827	SIRcenter1pca0.0005
3367685	3367685	SIRcenter1pca0.0005
5180400	5180400	SIRcenter1pca0.0005
5987547	5987547	SIRcenter1pca0.0005
1598117	1598117	SIRcenter1pca0.0005
3207647	3207647	SIRcenter1pca0.0005
3701287	3701287	SIRcenter1pca0.0005
2285363	2285363	SIRcenter1pca0.0005
4068879	4068879	SIRcenter1pca0.0005
2253833	2253833	SIRcenter1pca0.0005
1209535	1209535	SIRcenter1pca0.0005
3468528	3468528	SIRcenter1pca0.0005
3875178	3875178	SIRcenter1pca0.0005
2569134	2569134	SIRcenter1pca0.0005
4941056	4941056	SIRcenter1pca0.0005
5532598	5532598	SIRcenter1pca0.0005
4784420	4784420	SIRcenter1pca0.0005
1307391	1307391	SIRcenter1pca0.0005
2350493	2350493	SIRcenter1pca0.0005
3781643	3781643	SIRcenter1pca0.0005
5310595	5310595	SIRcenter1pca0.0005
5158163	5158163	SIRcenter1pca0.0005
2085835	2085835	SIRcenter1pca0.0005
2924916	2924916	SIRcenter1pca0.0005
3266061	3266061	SIRcenter1pca0.0005
1423910	1423910	SIRcenter1pca0.0005
3159639	3159639	SIRcenter1pca0.0005
5947288	5947288	SIRcenter1pca0.0005
3756804	3756804	SIRcenter1pca0.0005
3787135	3787135	SIRcenter1pca0.0005
4835677	4835677	SIRcenter1pca0.0005
1207618	1207618	SIRcenter1pca0.0005
3464307	3464307	SIRcenter1pca0.0005
5282278	5282278	SIRcenter1pca0.0005
3840020	3840020	SIRcenter1pca0.0005
3380506	3380506	SIRcenter1pca0.0005
5232350	5232350	SIRcenter1pca0.0005
5423127	5423127	SIRcenter1pca0.0005
3253928	3253928	SIRcenter1pca0.0005
5989540	5989540	SIRcenter1pca0.0005
3949394	3949394	SIRcenter1pca0.0005
3714888	3714888	SIRcenter1pca0.0005
4871941	4871941	SIRcenter1pca0.0005
5008613	5008613	SIRcenter1pca0.0005
1319820	1319820	SIRcenter1pca0.0005
1155881	1155881	SIRcenter1pca0.0005
1542395	1542395	SIRcenter1pca0.0005
3801230	3801230	SIRcenter1pca0.0005
5088499	5088499	SIRcenter1pca0.0005
5876778	5876778	SIRcenter1pca0.0005
1336871	1336871	SIRcenter1pca0.0005
1063571	1063571	SIRcenter1pca0.0005
1716381	1716381	SIRcenter1pca0.0005
3302495	3302495	SIRcenter1pca0.0005
2192501	2192501	SIRcenter1pca0.0005
5525244	5525244	SIRcenter1pca0.0005
3146287	3146287	SIRcenter1pca0.0005
3249448	3249448	SIRcenter1pca0.0005
2266200	2266200	SIRcenter1pca0.0005
2437952	2437952	SIRcenter1pca0.0005
5380152	5380152	SIRcenter1pca0.0005
2773454	2773454	SIRcenter1pca0.0005
1869004	1869004	SIRcenter1pca0.0005
3511706	3511706	SIRcenter1pca0.0005
2910634	2910634	SIRcenter1pca0.0005
3784377	3784377	SIRcenter1pca0.0005
3286428	3286428	SIRcenter1pca0.0005
5323665	5323665	SIRcenter1pca0.0005
2744344	2744344	SIRcenter1pca0.0005
3687692	3687692	SIRcenter1pca0.0005
3453034	3453034	SIRcenter1pca0.0005
4854701	4854701	SIRcenter1pca0.0005
2069565	2069565	SIRcenter1pca0.0005
2834110	2834110	SIRcenter1pca0.0005
2035165	2035165	SIRcenter1pca0.0005
1429956	1429956	SIRcenter1pca0.0005
4619624	4619624	SIRcenter1pca0.0005
2223207	2223207	SIRcenter1pca0.0005
2450114	2450114	SIRcenter1pca0.0005
1707320	1707320	SIRcenter1pca0.0005
1694541	1694541	SIRcenter1pca0.0005
3681513	3681513	SIRcenter1pca0.0005
2772340	2772340	SIRcenter1pca0.0005
1862274	1862274	SIRcenter1pca0.0005
3797161	3797161	SIRcenter1pca0.0005
4536335	4536335	SIRcenter1pca0.0005
3967842	3967842	SIRcenter1pca0.0005
3244447	3244447	SIRcenter1pca0.0005
5098189	5098189	SIRcenter1pca0.0005
5701481	5701481	SIRcenter1pca0.0005
3172227	3172227	SIRcenter1pca0.0005
1340782	1340782	SIRcenter1pca0.0005
2687043	2687043	SIRcenter1pca0.0005
3506776	3506776	SIRcenter1pca0.0005
5834656	5834656	SIRcenter1pca0.0005
5553114	5553114	SIRcenter1pca0.0005
6019702	6019702	SIRcenter1pca0.0005
2720472	2720472	SIRcenter1pca0.0005
1416237	1416237	SIRcenter1pca0.0005
2389412	2389412	SIRcenter1pca0.0005
4233321	4233321	SIRcenter1pca0.0005
5128315	5128315	SIRcenter1pca0.0005
5248618	5248618	SIRcenter1pca0.0005
3940505	3940505	SIRcenter1pca0.0005
4193846	4193846	SIRcenter1pca0.0005
2192501	2192501	SIRcenter1pca0.0005
3474553	3474553	SIRcenter1pca0.0005
3051063	3051063	SIRcenter1pca0.0005
3462068	3462068	SIRcenter1pca0.0005
2879687	2879687	SIRcenter1pca0.0005
4872621	4872621	SIRcenter1pca0.0005
4373447	4373447	SIRcenter1pca0.0005
5381391	5381391	SIRcenter1pca0.0005
1167841	1167841	SIRcenter1pca0.0005
3989155	3989155	SIRcenter1pca0.0005
1516291	1516291	SIRcenter1pca0.0005
4976571	4976571	SIRcenter1pca0.0005
5132494	5132494	SIRcenter1pca0.0005
3486149	3486149	SIRcenter1pca0.0005
2351110	2351110	SIRcenter1pca0.0005
1967564	1967564	SIRcenter1pca0.0005
2632701	2632701	SIRcenter1pca0.0005
4445292	4445292	SIRcenter1pca0.0005
1920816	1920816	SIRcenter1pca0.0005
4392714	4392714	SIRcenter1pca0.0005
2909186	2909186	SIRcenter1pca0.0005
5516285	5516285	SIRcenter1pca0.0005
4261043	4261043	SIRcenter1pca0.0005
2055558	2055558	SIRcenter1pca0.0005
5768512	5768512	SIRcenter1pca0.0005
3239735	3239735	SIRcenter1pca0.0005
3848429	3848429	SIRcenter1pca0.0005
2688916	2688916	SIRcenter1pca0.0005
2369768	2369768	SIRcenter1pca0.0005
3166982	3166982	SIRcenter1pca0.0005
5269918	5269918	SIRcenter1pca0.0005
2880799	2880799	SIRcenter1pca0.0005
1054040	1054040	SIRcenter1pca0.0005
4765101	4765101	SIRcenter1pca0.0005
1582698	1582698	SIRcenter1pca0.0005
5615758	5615758	SIRcenter1pca0.0005
1766300	1766300	SIRcenter1pca0.0005
4084019	4084019	SIRcenter1pca0.0005
1218619	1218619	SIRcenter1pca0.0005
2841065	2841065	SIRcenter1pca0.0005
1064270	1064270	SIRcenter1pca0.0005
2207773	2207773	SIRcenter1pca0.0005
3424557	3424557	SIRcenter1pca0.0005
4757937	4757937	SIRcenter1pca0.0005
2340292	2340292	SIRcenter1pca0.0005
2335865	2335865	SIRcenter1pca0.0005
2204129	2204129	SIRcenter1pca0.0005
4757582	4757582	SIRcenter1pca0.0005
3360806	3360806	SIRcenter1pca0.0005
1180502	1180502	SIRcenter1pca0.0005
5757085	5757085	SIRcenter1pca0.0005
1760035	1760035	SIRcenter1pca0.0005
1995995	1995995	SIRcenter1pca0.0005
4413034	4413034	SIRcenter1pca0.0005
3682404	3682404	SIRcenter1pca0.0005
1309174	1309174	SIRcenter1pca0.0005
2079729	2079729	SIRcenter1pca0.0005
3578794	3578794	SIRcenter1pca0.0005
3483829	3483829	SIRcenter1pca0.0005
5813582	5813582	SIRcenter1pca0.0005
1547866	1547866	SIRcenter1pca0.0005
3225438	3225438	SIRcenter1pca0.0005
4310535	4310535	SIRcenter1pca0.0005
1185895	1185895	SIRcenter1pca0.0005
1961366	1961366	SIRcenter1pca0.0005
1244667	1244667	SIRcenter1pca0.0005
4665138	4665138	SIRcenter1pca0.0005
2279968	2279968	SIRcenter1pca0.0005
2967940	2967940	SIRcenter1pca0.0005
4075256	4075256	SIRcenter1pca0.0005
1539153	1539153	SIRcenter1pca0.0005
4716885	4716885	SIRcenter1pca0.0005
5451092	5451092	SIRcenter1pca0.0005
4939047	4939047	SIRcenter1pca0.0005
2095164	2095164	SIRcenter1pca0.0005
5067298	5067298	SIRcenter1pca0.0005
2231824	2231824	SIRcenter1pca0.0005
4739599	4739599	SIRcenter1pca0.0005
1383026	1383026	SIRcenter1pca0.0005
1988902	1988902	SIRcenter1pca0.0005
4175220	4175220	SIRcenter1pca0.0005
2241251	2241251	SIRcenter1pca0.0005
2245074	2245074	SIRcenter1pca0.0005
2210043	2210043	SIRcenter1pca0.0005
4607979	4607979	SIRcenter1pca0.0005
1914452	1914452	SIRcenter1pca0.0005
3157528	3157528	SIRcenter1pca0.0005
3207960	3207960	SIRcenter1pca0.0005
3695130	3695130	SIRcenter1pca0.0005
5803585	5803585	SIRcenter1pca0.0005
4507458	4507458	SIRcenter1pca0.0005
5440840	5440840	SIRcenter1pca0.0005
4115722	4115722	SIRcenter1pca0.0005
3490805	3490805	SIRcenter1pca0.0005
4094201	4094201	SIRcenter1pca0.0005
1930524	1930524	SIRcenter1pca0.0005
4595944	4595944	SIRcenter1pca0.0005
4899745	4899745	SIRcenter1pca0.0005
2147762	2147762	SIRcenter1pca0.0005
3310804	3310804	SIRcenter1pca0.0005
3991110	3991110	SIRcenter1pca0.0005
4121781	4121781	SIRcenter1pca0.0005
4196214	4196214	SIRcenter1pca0.0005
2938916	2938916	SIRcenter1pca0.0005
3948262	3948262	SIRcenter1pca0.0005
5218629	5218629	SIRcenter1pca0.0005
1709780	1709780	SIRcenter1pca0.0005
5186102	5186102	SIRcenter1pca0.0005
2709557	2709557	SIRcenter1pca0.0005
4319552	4319552	SIRcenter1pca0.0005
5415415	5415415	SIRcenter1pca0.0005
4101873	4101873	SIRcenter1pca0.0005
3340193	3340193	SIRcenter1pca0.0005
4026508	4026508	SIRcenter1pca0.0005
5043561	5043561	SIRcenter1pca0.0005
2607386	2607386	SIRcenter1pca0.0005
4678626	4678626	SIRcenter1pca0.0005
5366706	5366706	SIRcenter1pca0.0005
5680449	5680449	SIRcenter1pca0.0005
2324895	2324895	SIRcenter1pca0.0005
1236135	1236135	SIRcenter1pca0.0005
4056335	4056335	SIRcenter1pca0.0005
2541285	2541285	SIRcenter1pca0.0005
2809014	2809014	SIRcenter1pca0.0005
2817922	2817922	SIRcenter1pca0.0005
3386684	3386684	SIRcenter1pca0.0005
1942411	1942411	SIRcenter1pca0.0005
5610475	5610475	SIRcenter1pca0.0005
1465049	1465049	SIRcenter1pca0.0005
5575168	5575168	SIRcenter1pca0.0005
1516638	1516638	SIRcenter1pca0.0005
5958482	5958482	SIRcenter1pca0.0005
3918830	3918830	SIRcenter1pca0.0005
3145133	3145133	SIRcenter1pca0.0005
3942014	3942014	SIRcenter1pca0.0005
3378900	3378900	SIRcenter1pca0.0005
5654793	5654793	SIRcenter1pca0.0005
2344371	2344371	SIRcenter1pca0.0005
3646554	3646554	SIRcenter1pca0.0005
2425131	2425131	SIRcenter1pca0.0005
4280203	4280203	SIRcenter1pca0.0005
5467029	5467029	SIRcenter1pca0.0005
5092705	5092705	SIRcenter1pca0.0005
2130347	2130347	SIRcenter1pca0.0005
5925154	5925154	SIRcenter1pca0.0005
5135918	5135918	SIRcenter1pca0.0005
5432008	5432008	SIRcenter1pca0.0005
1190586	1190586	SIRcenter1pca0.0005
1779773	1779773	SIRcenter1pca0.0005
5346356	5346356	SIRcenter1pca0.0005
4907080	4907080	SIRcenter1pca0.0005
2824152	2824152	SIRcenter1pca0.0005
1114207	1114207	SIRcenter1pca0.0005
2517901	2517901	SIRcenter1pca0.0005
4123235	4123235	SIRcenter1pca0.0005
2308192	2308192	SIRcenter1pca0.0005
3879971	3879971	SIRcenter1pca0.0005
2206299	2206299	SIRcenter1pca0.0005
1069306	1069306	SIRcenter1pca0.0005
5870448	5870448	SIRcenter1pca0.0005
5580991	5580991	SIRcenter1pca0.0005
1238561	1238561	SIRcenter1pca0.0005
4923317	4923317	SIRcenter1pca0.0005
5777551	5777551	SIRcenter1pca0.0005
5273960	5273960	SIRcenter1pca0.0005
1810472	1810472	SIRcenter1pca0.0005
3448812	3448812	SIRcenter1pca0.0005
3303692	3303692	SIRcenter1pca0.0005
3292788	3292788	SIRcenter1pca0.0005
1041120	1041120	SIRcenter1pca0.0005
3156709	3156709	SIRcenter1pca0.0005
4075305	4075305	SIRcenter1pca0.0005
5550789	5550789	SIRcenter1pca0.0005
3575729	3575729	SIRcenter1pca0.0005
3822587	3822587	SIRcenter1pca0.0005
5486786	5486786	SIRcenter1pca0.0005
5802688	5802688	SIRcenter1pca0.0005
2560218	2560218	SIRcenter1pca0.0005
1165516	1165516	SIRcenter1pca0.0005
4562514	4562514	SIRcenter1pca0.0005
5313232	5313232	SIRcenter1pca0.0005
3365130	3365130	SIRcenter1pca0.0005
4461809	4461809	SIRcenter1pca0.0005
3472547	3472547	SIRcenter1pca0.0005
3343623	3343623	SIRcenter1pca0.0005
3871663	3871663	SIRcenter1pca0.0005
3910093	3910093	SIRcenter1pca0.0005
4619351	4619351	SIRcenter1pca0.0005
4232310	4232310	SIRcenter1pca0.0005
5968774	5968774	SIRcenter1pca0.0005
3268365	3268365	SIRcenter1pca0.0005
5060865	5060865	SIRcenter1pca0.0005
1834231	1834231	SIRcenter1pca0.0005
2817264	2817264	SIRcenter1pca0.0005
4770777	4770777	SIRcenter1pca0.0005
3349358	3349358	SIRcenter1pca0.0005
2713022	2713022	SIRcenter1pca0.0005
2649867	2649867	SIRcenter1pca0.0005
2838040	2838040	SIRcenter1pca0.0005
2254617	2254617	SIRcenter1pca0.0005
1881308	1881308	SIRcenter1pca0.0005
3572686	3572686	SIRcenter1pca0.0005
2833127	2833127	SIRcenter1pca0.0005
5217570	5217570	SIRcenter1pca0.0005
4066434	4066434	SIRcenter1pca0.0005
1373386	1373386	SIRcenter1pca0.0005
3647883	3647883	SIRcenter1pca0.0005
3029273	3029273	SIRcenter1pca0.0005
2530362	2530362	SIRcenter1pca0.0005
1360125	1360125	SIRcenter1pca0.0005
2645708	2645708	SIRcenter1pca0.0005
2371543	2371543	SIRcenter1pca0.0005
6001501	6001501	SIRcenter1pca0.0005
2258985	2258985	SIRcenter1pca0.0005
5299967	5299967	SIRcenter1pca0.0005
2070070	2070070	SIRcenter1pca0.0005
3893170	3893170	SIRcenter1pca0.0005
3568622	3568622	SIRcenter1pca0.0005
1118540	1118540	SIRcenter1pca0.0005
2253833	2253833	SIRcenter1pca0.0005
1343176	1343176	SIRcenter1pca0.0005
2588358	2588358	SIRcenter1pca0.0005
5516839	5516839	SIRcenter1pca0.0005
5552997	5552997	SIRcenter1pca0.0005
5100405	5100405	SIRcenter1pca0.0005
5921887	5921887	SIRcenter1pca0.0005
4608779	4608779	SIRcenter1pca0.0005
1457923	1457923	SIRcenter1pca0.0005
4506722	4506722	SIRcenter1pca0.0005
4651756	4651756	SIRcenter1pca0.0005
3220996	3220996	SIRcenter1pca0.0005
2861751	2861751	SIRcenter1pca0.0005
5295826	5295826	SIRcenter1pca0.0005
3923963	3923963	SIRcenter1pca0.0005
4281185	4281185	SIRcenter1pca0.0005
3194483	3194483	SIRcenter1pca0.0005
3330775	3330775	SIRcenter1pca0.0005
2807319	2807319	SIRcenter1pca0.0005
1877269	1877269	SIRcenter1pca0.0005
4274469	4274469	SIRcenter1pca0.0005
4147262	4147262	SIRcenter1pca0.0005
4872621	4872621	SIRcenter1pca0.0005
2562003	2562003	SIRcenter1pca0.0005
3250389	3250389	SIRcenter1pca0.0005
3950034	3950034	SIRcenter1pca0.0005
5382551	5382551	SIRcenter1pca0.0005
5426633	5426633	SIRcenter1pca0.0005
4957607	4957607	SIRcenter1pca0.0005
4759724	4759724	SIRcenter1pca0.0005
3970833	3970833	SIRcenter1pca0.0005
2383929	2383929	SIRcenter1pca0.0005
3853580	3853580	SIRcenter1pca0.0005
5049896	5049896	SIRcenter1pca0.0005
2480798	2480798	SIRcenter1pca0.0005
4240771	4240771	SIRcenter1pca0.0005
3692081	3692081	SIRcenter1pca0.0005
4411260	4411260	SIRcenter1pca0.0005
5115795	5115795	SIRcenter1pca0.0005
1808855	1808855	SIRcenter1pca0.0005
3068205	3068205	SIRcenter1pca0.0005
2138882	2138882	SIRcenter1pca0.0005
5567758	5567758	SIRcenter1pca0.0005
3166661	3166661	SIRcenter1pca0.0005
2175355	2175355	SIRcenter1pca0.0005
5682695	5682695	SIRcenter1pca0.0005
4445478	4445478	SIRcenter1pca0.0005
3585884	3585884	SIRcenter1pca0.0005
3399087	3399087	SIRcenter1pca0.0005
3563152	3563152	SIRcenter1pca0.0005
4042892	4042892	SIRcenter1pca0.0005
5946000	5946000	SIRcenter1pca0.0005
2538410	2538410	SIRcenter1pca0.0005
5828582	5828582	SIRcenter1pca0.0005
3207403	3207403	SIRcenter1pca0.0005
1187996	1187996	SIRcenter1pca0.0005
4035343	4035343	SIRcenter1pca0.0005
3537179	3537179	SIRcenter1pca0.0005
3457170	3457170	SIRcenter1pca0.0005
3885077	3885077	SIRcenter1pca0.0005
4443810	4443810	SIRcenter1pca0.0005
2929816	2929816	SIRcenter1pca0.0005
5653125	5653125	SIRcenter1pca0.0005
2608922	2608922	SIRcenter1pca0.0005
4110576	4110576	SIRcenter1pca0.0005
2766864	2766864	SIRcenter1pca0.0005
3165634	3165634	SIRcenter1pca0.0005
4232999	4232999	SIRcenter1pca0.0005
4291617	4291617	SIRcenter1pca0.0005
2662068	2662068	SIRcenter1pca0.0005
2371278	2371278	SIRcenter1pca0.0005
2029221	2029221	SIRcenter1pca0.0005
5346088	5346088	SIRcenter1pca0.0005
5861986	5861986	SIRcenter1pca0.0005
2157739	2157739	SIRcenter1pca0.0005
4417551	4417551	SIRcenter1pca0.0005
2879687	2879687	SIRcenter1pca0.0005
5272504	5272504	SIRcenter1pca0.0005
3062142	3062142	SIRcenter1pca0.0005
4325536	4325536	SIRcenter1pca0.0005
3674308	3674308	SIRcenter1pca0.0005
6021984	6021984	SIRcenter1pca0.0005
5221369	5221369	SIRcenter1pca0.0005
2958561	2958561	SIRcenter1pca0.0005
3962461	3962461	SIRcenter1pca0.0005
5801904	5801904	SIRcenter1pca0.0005
1841444	1841444	SIRcenter1pca0.0005
3820609	3820609	SIRcenter1pca0.0005
3924093	3924093	SIRcenter1pca0.0005
2433445	2433445	SIRcenter1pca0.0005
5709901	5709901	SIRcenter1pca0.0005
2359497	2359497	SIRcenter1pca0.0005
1251532	1251532	SIRcenter1pca0.0005
2896425	2896425	SIRcenter1pca0.0005
2388310	2388310	SIRcenter1pca0.0005
4813268	4813268	SIRcenter1pca0.0005
2574389	2574389	SIRcenter1pca0.0005
3509830	3509830	SIRcenter1pca0.0005
5071137	5071137	SIRcenter1pca0.0005
1580299	1580299	SIRcenter1pca0.0005
5000649	5000649	SIRcenter1pca0.0005
4259183	4259183	SIRcenter1pca0.0005
1858624	1858624	SIRcenter1pca0.0005
5424532	5424532	SIRcenter1pca0.0005
3951245	3951245	SIRcenter1pca0.0005
1210662	1210662	SIRcenter1pca0.0005
4313640	4313640	SIRcenter1pca0.0005
1854807	1854807	SIRcenter1pca0.0005
1026106	1026106	SIRcenter1pca0.0005
4867602	4867602	SIRcenter1pca0.0005
5986664	5986664	SIRcenter1pca0.0005
5019696	5019696	SIRcenter1pca0.0005
2958750	2958750	SIRcenter1pca0.0005
1112656	1112656	SIRcenter1pca0.0005
3939815	3939815	SIRcenter1pca0.0005
2744111	2744111	SIRcenter1pca0.0005
1703540	1703540	SIRcenter1pca0.0005
3667533	3667533	SIRcenter1pca0.0005
4379102	4379102	SIRcenter1pca0.0005
4677618	4677618	SIRcenter1pca0.0005
4827045	4827045	SIRcenter1pca0.0005
4738549	4738549	SIRcenter1pca0.0005
3208635	3208635	SIRcenter1pca0.0005
2719327	2719327	SIRcenter1pca0.0005
4418720	4418720	SIRcenter1pca0.0005
1716871	1716871	SIRcenter1pca0.0005
5121552	5121552	SIRcenter1pca0.0005
2411700	2411700	SIRcenter1pca0.0005
3985451	3985451	SIRcenter1pca0.0005
2164951	2164951	SIRcenter1pca0.0005
2939666	2939666	SIRcenter1pca0.0005
1386546	1386546	SIRcenter1pca0.0005
5468494	5468494	SIRcenter1pca0.0005
3302451	3302451	SIRcenter1pca0.0005
5266284	5266284	SIRcenter1pca0.0005
4831791	4831791	SIRcenter1pca0.0005
2036090	2036090	SIRcenter1pca0.0005
5903310	5903310	SIRcenter1pca0.0005
3847436	3847436	SIRcenter1pca0.0005
3591661	3591661	SIRcenter1pca0.0005
4481879	4481879	SIRcenter1pca0.0005
2949333	2949333	SIRcenter1pca0.0005
4456285	4456285	SIRcenter1pca0.0005
2457874	2457874	SIRcenter1pca0.0005
5760369	5760369	SIRcenter1pca0.0005
5346782	5346782	SIRcenter1pca0.0005
4228948	4228948	SIRcenter1pca0.0005
5394431	5394431	SIRcenter1pca0.0005
4244331	4244331	SIRcenter1pca0.0005
5186102	5186102	SIRcenter1pca0.0005
2500124	2500124	SIRcenter1pca0.0005
3438867	3438867	SIRcenter1pca0.0005
3234310	3234310	SIRcenter1pca0.0005
5860568	5860568	SIRcenter1pca0.0005
3993853	3993853	SIRcenter1pca0.0005
4543249	4543249	SIRcenter1pca0.0005
1349808	1349808	SIRcenter1pca0.0005
2194785	2194785	SIRcenter1pca0.0005
1707320	1707320	SIRcenter1pca0.0005
4074755	4074755	SIRcenter1pca0.0005
3449852	3449852	SIRcenter1pca0.0005
3129930	3129930	SIRcenter1pca0.0005
4221017	4221017	SIRcenter1pca0.0005
3557706	3557706	SIRcenter1pca0.0005
1686995	1686995	SIRcenter1pca0.0005
3521168	3521168	SIRcenter1pca0.0005
2075028	2075028	SIRcenter1pca0.0005
3840721	3840721	SIRcenter1pca0.0005
1228975	1228975	SIRcenter1pca0.0005
1734992	1734992	SIRcenter1pca0.0005
5155424	5155424	SIRcenter1pca0.0005
5813185	5813185	SIRcenter1pca0.0005
5567811	5567811	SIRcenter1pca0.0005
1679372	1679372	SIRcenter1pca0.0005
1069496	1069496	SIRcenter1pca0.0005
1282169	1282169	SIRcenter1pca0.0005
3249175	3249175	SIRcenter1pca0.0005
3030410	3030410	SIRcenter1pca0.0005
5220900	5220900	SIRcenter1pca0.0005
4708475	4708475	SIRcenter1pca0.0005
1389244	1389244	SIRcenter1pca0.0005
4179431	4179431	SIRcenter1pca0.0005
5716449	5716449	SIRcenter1pca0.0005
4463347	4463347	SIRcenter1pca0.0005
5938569	5938569	SIRcenter1pca0.0005
4786512	4786512	SIRcenter1pca0.0005
3276833	3276833	SIRcenter1pca0.0005
5420427	5420427	SIRcenter1pca0.0005
5843276	5843276	SIRcenter1pca0.0005
5573271	5573271	SIRcenter1pca0.0005
4784013	4784013	SIRcenter1pca0.0005
2289856	2289856	SIRcenter1pca0.0005
1841444	1841444	SIRcenter1pca0.0005
5620914	5620914	SIRcenter1pca0.0005
2928897	2928897	SIRcenter1pca0.0005
5861447	5861447	SIRcenter1pca0.0005
1156147	1156147	SIRcenter1pca0.0005
1772539	1772539	SIRcenter1pca0.0005
3893170	3893170	SIRcenter1pca0.0005
4915336	4915336	SIRcenter1pca0.0005
2149866	2149866	SIRcenter1pca0.0005
3391263	3391263	SIRcenter1pca0.0005
1516992	1516992	SIRcenter1pca0.0005
1322483	1322483	SIRcenter1pca0.0005
5454713	5454713	SIRcenter1pca0.0005
3388092	3388092	SIRcenter1pca0.0005
5831657	5831657	SIRcenter1pca0.0005
1229652	1229652	SIRcenter1pca0.0005
2754018	2754018	SIRcenter1pca0.0005
3564754	3564754	SIRcenter1pca0.0005
4154451	4154451	SIRcenter1pca0.0005
3918830	3918830	SIRcenter1pca0.0005
3003459	3003459	SIRcenter1pca0.0005
2978477	2978477	SIRcenter1pca0.0005
5317017	5317017	SIRcenter1pca0.0005
2556318	2556318	SIRcenter1pca0.0005
3909147	3909147	SIRcenter1pca0.0005
2829129	2829129	SIRcenter1pca0.0005
4010867	4010867	SIRcenter1pca0.0005
3889485	3889485	SIRcenter1pca0.0005
5644171	5644171	SIRcenter1pca0.0005
2962677	2962677	SIRcenter1pca0.0005
3612325	3612325	SIRcenter1pca0.0005
3893844	3893844	SIRcenter1pca0.0005
2631444	2631444	SIRcenter1pca0.0005
5201291	5201291	SIRcenter1pca0.0005
5669270	5669270	SIRcenter1pca0.0005
4138831	4138831	SIRcenter1pca0.0005
3352949	3352949	SIRcenter1pca0.0005
5597768	5597768	SIRcenter1pca0.0005
1666733	1666733	SIRcenter1pca0.0005
5801803	5801803	SIRcenter1pca0.0005
4149043	4149043	SIRcenter1pca0.0005
5067212	5067212	SIRcenter1pca0.0005
2277508	2277508	SIRcenter1pca0.0005
4866852	4866852	SIRcenter1pca0.0005
1009626	1009626	SIRcenter1pca0.0005
5968646	5968646	SIRcenter1pca0.0005
4026508	4026508	SIRcenter1pca0.0005
5806445	5806445	SIRcenter1pca0.0005
5768512	5768512	SIRcenter1pca0.0005
1298513	1298513	SIRcenter1pca0.0005
2078139	2078139	SIRcenter1pca0.0005
3722551	3722551	SIRcenter1pca0.0005
5178508	5178508	SIRcenter1pca0.0005
4510391	4510391	SIRcenter1pca0.0005
3624927	3624927	SIRcenter1pca0.0005
2271357	2271357	SIRcenter1pca0.0005
1911323	1911323	SIRcenter1pca0.0005
1447518	1447518	SIRcenter1pca0.0005
2855755	2855755	SIRcenter1pca0.0005
2482861	2482861	SIRcenter1pca0.0005
2174018	2174018	SIRcenter1pca0.0005
3139577	3139577	SIRcenter1pca0.0005
4004983	4004983	SIRcenter1pca0.0005
2814254	2814254	SIRcenter1pca0.0005
3395685	3395685	SIRcenter1pca0.0005
4068987	4068987	SIRcenter1pca0.0005
1290648	1290648	SIRcenter1pca0.0005
2048544	2048544	SIRcenter1pca0.0005
1001162	1001162	SIRcenter1pca0.0005
1536476	1536476	SIRcenter1pca0.0005
5942165	5942165	SIRcenter1pca0.0005
3697604	3697604	SIRcenter1pca0.0005
1882614	1882614	SIRcenter1pca0.0005
5934907	5934907	SIRcenter1pca0.0005
5793654	5793654	SIRcenter1pca0.0005
4148826	4148826	SIRcenter1pca0.0005
3137557	3137557	SIRcenter1pca0.0005
3159284	3159284	SIRcenter1pca0.0005
1974736	1974736	SIRcenter1pca0.0005
2898262	2898262	SIRcenter1pca0.0005
4292640	4292640	SIRcenter1pca0.0005
2928433	2928433	SIRcenter1pca0.0005
1833056	1833056	SIRcenter1pca0.0005
1149438	1149438	SIRcenter1pca0.0005
2418671	2418671	SIRcenter1pca0.0005
2545622	2545622	SIRcenter1pca0.0005
2472902	2472902	SIRcenter1pca0.0005
4341223	4341223	SIRcenter1pca0.0005
5266284	5266284	SIRcenter1pca0.0005
3919414	3919414	SIRcenter1pca0.0005
4771612	4771612	SIRcenter1pca0.0005
3079850	3079850	SIRcenter1pca0.0005
2604909	2604909	SIRcenter1pca0.0005
2556638	2556638	SIRcenter1pca0.0005
2075793	2075793	SIRcenter1pca0.0005
4503136	4503136	SIRcenter1pca0.0005
5746289	5746289	SIRcenter1pca0.0005
1124786	1124786	SIRcenter1pca0.0005
3619588	3619588	SIRcenter1pca0.0005
2064987	2064987	SIRcenter1pca0.0005
2305184	2305184	SIRcenter1pca0.0005
5368383	5368383	SIRcenter1pca0.0005
4602650	4602650	SIRcenter1pca0.0005
5987760	5987760	SIRcenter1pca0.0005
2023109	2023109	SIRcenter1pca0.0005
2176325	2176325	SIRcenter1pca0.0005
4705938	4705938	SIRcenter1pca0.0005
2791849	2791849	SIRcenter1pca0.0005
2415205	2415205	SIRcenter1pca0.0005
5298026	5298026	SIRcenter1pca0.0005
1613819	1613819	SIRcenter1pca0.0005
2716285	2716285	SIRcenter1pca0.0005
3320736	3320736	SIRcenter1pca0.0005
4983480	4983480	SIRcenter1pca0.0005
1282169	1282169	SIRcenter1pca0.0005
1433458	1433458	SIRcenter1pca0.0005
2517733	2517733	SIRcenter1pca0.0005
1328665	1328665	SIRcenter1pca0.0005
1410235	1410235	SIRcenter1pca0.0005
3169804	3169804	SIRcenter1pca0.0005
1360686	1360686	SIRcenter1pca0.0005
5559674	5559674	SIRcenter1pca0.0005
4007048	4007048	SIRcenter1pca0.0005
5456824	5456824	SIRcenter1pca0.0005
2885851	2885851	SIRcenter1pca0.0005
2795856	2795856	SIRcenter1pca0.0005
5195244	5195244	SIRcenter1pca0.0005
2924916	2924916	SIRcenter1pca0.0005
3382576	3382576	SIRcenter1pca0.0005
2741632	2741632	SIRcenter1pca0.0005
3211390	3211390	SIRcenter1pca0.0005
1229392	1229392	SIRcenter1pca0.0005
4551391	4551391	SIRcenter1pca0.0005
3168081	3168081	SIRcenter1pca0.0005
5418437	5418437	SIRcenter1pca0.0005
4240651	4240651	SIRcenter1pca0.0005
5546770	5546770	SIRcenter1pca0.0005
5982381	5982381	SIRcenter1pca0.0005
1210662	1210662	SIRcenter1pca0.0005
5756992	5756992	SIRcenter1pca0.0005
1703188	1703188	SIRcenter1pca0.0005
2273783	2273783	SIRcenter1pca0.0005
4549673	4549673	SIRcenter1pca0.0005
5366098	5366098	SIRcenter1pca0.0005
1482761	1482761	SIRcenter1pca0.0005
4530496	4530496	SIRcenter1pca0.0005
4793952	4793952	SIRcenter1pca0.0005
4091555	4091555	SIRcenter1pca0.0005
1277836	1277836	SIRcenter1pca0.0005
1656620	1656620	SIRcenter1pca0.0005
1721399	1721399	SIRcenter1pca0.0005
4338997	4338997	SIRcenter1pca0.0005
1948030	1948030	SIRcenter1pca0.0005
2673348	2673348	SIRcenter1pca0.0005
4766372	4766372	SIRcenter1pca0.0005
1934316	1934316	SIRcenter1pca0.0005
1212200	1212200	SIRcenter1pca0.0005
4994370	4994370	SIRcenter1pca0.0005
2488579	2488579	SIRcenter1pca0.0005
1069200	1069200	SIRcenter1pca0.0005
5258221	5258221	SIRcenter1pca0.0005
4784099	4784099	SIRcenter1pca0.0005
4640613	4640613	SIRcenter1pca0.0005
5117140	5117140	SIRcenter1pca0.0005
5851916	5851916	SIRcenter1pca0.0005
2488719	2488719	SIRcenter1pca0.0005
4054670	4054670	SIRcenter1pca0.0005
2262799	2262799	SIRcenter1pca0.0005
3542072	3542072	SIRcenter1pca0.0005
1646708	1646708	SIRcenter1pca0.0005
4759881	4759881	SIRcenter1pca0.0005
1156147	1156147	SIRcenter1pca0.0005
5941721	5941721	SIRcenter1pca0.0005
1397427	1397427	SIRcenter1pca0.0005
3358559	3358559	SIRcenter1pca0.0005
4778130	4778130	SIRcenter1pca0.0005
2509458	2509458	SIRcenter1pca0.0005
5615758	5615758	SIRcenter1pca0.0005
3839756	3839756	SIRcenter1pca0.0005
5917397	5917397	SIRcenter1pca0.0005
5547638	5547638	SIRcenter1pca0.0005
2439050	2439050	SIRcenter1pca0.0005
2807888	2807888	SIRcenter1pca0.0005
4610678	4610678	SIRcenter1pca0.0005
4960431	4960431	SIRcenter1pca0.0005
4654322	4654322	SIRcenter1pca0.0005
3543328	3543328	SIRcenter1pca0.0005
4094931	4094931	SIRcenter1pca0.0005
5726901	5726901	SIRcenter1pca0.0005
2535148	2535148	SIRcenter1pca0.0005
1737358	1737358	SIRcenter1pca0.0005
3461075	3461075	SIRcenter1pca0.0005
3688565	3688565	SIRcenter1pca0.0005
4184837	4184837	SIRcenter1pca0.0005
2489132	2489132	SIRcenter1pca0.0005
1133592	1133592	SIRcenter1pca0.0005
1011359	1011359	SIRcenter1pca0.0005
4192865	4192865	SIRcenter1pca0.0005
2450693	2450693	SIRcenter1pca0.0005
4369892	4369892	SIRcenter1pca0.0005
5824485	5824485	SIRcenter1pca0.0005
2107733	2107733	SIRcenter1pca0.0005
2189392	2189392	SIRcenter1pca0.0005
2769056	2769056	SIRcenter1pca0.0005
4321676	4321676	SIRcenter1pca0.0005
3879971	3879971	SIRcenter1pca0.0005
3907810	3907810	SIRcenter1pca0.0005
1187213	1187213	SIRcenter1pca0.0005
3021679	3021679	SIRcenter1pca0.0005
1144291	1144291	SIRcenter1pca0.0005
2221106	2221106	SIRcenter1pca0.0005
2280520	2280520	SIRcenter1pca0.0005
1646640	1646640	SIRcenter1pca0.0005
3631434	3631434	SIRcenter1pca0.0005
2524805	2524805	SIRcenter1pca0.0005
2057130	2057130	SIRcenter1pca0.0005
5680449	5680449	SIRcenter1pca0.0005
1481705	1481705	SIRcenter1pca0.0005
3614008	3614008	SIRcenter1pca0.0005
1005476	1005476	SIRcenter1pca0.0005
2860434	2860434	SIRcenter1pca0.0005
1689841	1689841	SIRcenter1pca0.0005
4492713	4492713	SIRcenter1pca0.0005
4661331	4661331	SIRcenter1pca0.0005
2239947	2239947	SIRcenter1pca0.0005
5222660	5222660	SIRcenter1pca0.0005
4917835	4917835	SIRcenter1pca0.0005
1190289	1190289	SIRcenter1pca0.0005
1961321	1961321	SIRcenter1pca0.0005
4439004	4439004	SIRcenter1pca0.0005
2324136	2324136	SIRcenter1pca0.0005
3083393	3083393	SIRcenter1pca0.0005
4947693	4947693	SIRcenter1pca0.0005
4139153	4139153	SIRcenter1pca0.0005
1993954	1993954	SIRcenter1pca0.0005
3961752	3961752	SIRcenter1pca0.0005
2781027	2781027	SIRcenter1pca0.0005
3751970	3751970	SIRcenter1pca0.0005
3252486	3252486	SIRcenter1pca0.0005
5874315	5874315	SIRcenter1pca0.0005
3150850	3150850	SIRcenter1pca0.0005
4712591	4712591	SIRcenter1pca0.0005
1411377	1411377	SIRcenter1pca0.0005
4736386	4736386	SIRcenter1pca0.0005
2726337	2726337	SIRcenter1pca0.0005
1887011	1887011	SIRcenter1pca0.0005
5796193	5796193	SIRcenter1pca0.0005
3917087	3917087	SIRcenter1pca0.0005
3682404	3682404	SIRcenter1pca0.0005
3964575	3964575	SIRcenter1pca0.0005
1548875	1548875	SIRcenter1pca0.0005
2008390	2008390	SIRcenter1pca0.0005
2432655	2432655	SIRcenter1pca0.0005
2886749	2886749	SIRcenter1pca0.0005
1190586	1190586	SIRcenter1pca0.0005
1979935	1979935	SIRcenter1pca0.0005
4888894	4888894	SIRcenter1pca0.0005
4320044	4320044	SIRcenter1pca0.0005
5794397	5794397	SIRcenter1pca0.0005
3765436	3765436	SIRcenter1pca0.0005
2792966	2792966	SIRcenter1pca0.0005
3346468	3346468	SIRcenter1pca0.0005
4086824	4086824	SIRcenter1pca0.0005
1342143	1342143	SIRcenter1pca0.0005
4774072	4774072	SIRcenter1pca0.0005
2359096	2359096	SIRcenter1pca0.0005
1079692	1079692	SIRcenter1pca0.0005
1592932	1592932	SIRcenter1pca0.0005
2845162	2845162	SIRcenter1pca0.0005
2899506	2899506	SIRcenter1pca0.0005
4232310	4232310	SIRcenter1pca0.0005
1808635	1808635	SIRcenter1pca0.0005
2842225	2842225	SIRcenter1pca0.0005
3784437	3784437	SIRcenter1pca0.0005
1130632	1130632	SIRcenter1pca0.0005
3158042	3158042	SIRcenter1pca0.0005
3009093	3009093	SIRcenter1pca0.0005
1227825	1227825	SIRcenter1pca0.0005
4414271	4414271	SIRcenter1pca0.0005
2928761	2928761	SIRcenter1pca0.0005
3902018	3902018	SIRcenter1pca0.0005
5953071	5953071	SIRcenter1pca0.0005
2921448	2921448	SIRcenter1pca0.0005
5513780	5513780	SIRcenter1pca0.0005
3762270	3762270	SIRcenter1pca0.0005
2423294	2423294	SIRcenter1pca0.0005
1298393	1298393	SIRcenter1pca0.0005
5832091	5832091	SIRcenter1pca0.0005
1975801	1975801	SIRcenter1pca0.0005
1607272	1607272	SIRcenter1pca0.0005
5262311	5262311	SIRcenter1pca0.0005
2346660	2346660	SIRcenter1pca0.0005
4472384	4472384	SIRcenter1pca0.0005
2027884	2027884	SIRcenter1pca0.0005
5276559	5276559	SIRcenter1pca0.0005
3429119	3429119	SIRcenter1pca0.0005
3569064	3569064	SIRcenter1pca0.0005
2987785	2987785	SIRcenter1pca0.0005
3322148	3322148	SIRcenter1pca0.0005
1262594	1262594	SIRcenter1pca0.0005
2951791	2951791	SIRcenter1pca0.0005
1014620	1014620	SIRcenter1pca0.0005
2311288	2311288	SIRcenter1pca0.0005
2555069	2555069	SIRcenter1pca0.0005
3387617	3387617	SIRcenter1pca0.0005
5993550	5993550	SIRcenter1pca0.0005
4994370	4994370	SIRcenter1pca0.0005
2179752	2179752	SIRcenter1pca0.0005
2505362	2505362	SIRcenter1pca0.0005
5879109	5879109	SIRcenter1pca0.0005
3431850	3431850	SIRcenter1pca0.0005
2422036	2422036	SIRcenter1pca0.0005
4468812	4468812	SIRcenter1pca0.0005
1280232	1280232	SIRcenter1pca0.0005
3719861	3719861	SIRcenter1pca0.0005
4266842	4266842	SIRcenter1pca0.0005
5896973	5896973	SIRcenter1pca0.0005
3127131	3127131	SIRcenter1pca0.0005
4692024	4692024	SIRcenter1pca0.0005
5278258	5278258	SIRcenter1pca0.0005
5335930	5335930	SIRcenter1pca0.0005
2830003	2830003	SIRcenter1pca0.0005
5849769	5849769	SIRcenter1pca0.0005
4046174	4046174	SIRcenter1pca0.0005
2276175	2276175	SIRcenter1pca0.0005
3113639	3113639	SIRcenter1pca0.0005
4921509	4921509	SIRcenter1pca0.0005
4931380	4931380	SIRcenter1pca0.0005
5751925	5751925	SIRcenter1pca0.0005
4668409	4668409	SIRcenter1pca0.0005
5573823	5573823	SIRcenter1pca0.0005
5269848	5269848	SIRcenter1pca0.0005
2946424	2946424	SIRcenter1pca0.0005
2867487	2867487	SIRcenter1pca0.0005
5264795	5264795	SIRcenter1pca0.0005
5778029	5778029	SIRcenter1pca0.0005
2883431	2883431	SIRcenter1pca0.0005
1663697	1663697	SIRcenter1pca0.0005
5967796	5967796	SIRcenter1pca0.0005
1109401	1109401	SIRcenter1pca0.0005
4320690	4320690	SIRcenter1pca0.0005
5503258	5503258	SIRcenter1pca0.0005
3766409	3766409	SIRcenter1pca0.0005
1707320	1707320	SIRcenter1pca0.0005
3758956	3758956	SIRcenter1pca0.0005
2563718	2563718	SIRcenter1pca0.0005
4962467	4962467	SIRcenter1pca0.0005
4445478	4445478	SIRcenter1pca0.0005
3895510	3895510	SIRcenter1pca0.0005
3717724	3717724	SIRcenter1pca0.0005
2475164	2475164	SIRcenter1pca0.0005
1963658	1963658	SIRcenter1pca0.0005
5418437	5418437	SIRcenter1pca0.0005
1293147	1293147	SIRcenter1pca0.0005
1164427	1164427	SIRcenter1pca0.0005
5271065	5271065	SIRcenter1pca0.0005
1440646	1440646	SIRcenter1pca0.0005
2888647	2888647	SIRcenter1pca0.0005
2559499	2559499	SIRcenter1pca0.0005
3983808	3983808	SIRcenter1pca0.0005
2975529	2975529	SIRcenter1pca0.0005
2574831	2574831	SIRcenter1pca0.0005
2259324	2259324	SIRcenter1pca0.0005
5567811	5567811	SIRcenter1pca0.0005
3844055	3844055	SIRcenter1pca0.0005
5544389	5544389	SIRcenter1pca0.0005
2156083	2156083	SIRcenter1pca0.0005
1707320	1707320	SIRcenter1pca0.0005
4532963	4532963	SIRcenter1pca0.0005
3963654	3963654	SIRcenter1pca0.0005
4360204	4360204	SIRcenter1pca0.0005
4420936	4420936	SIRcenter1pca0.0005
5999308	5999308	SIRcenter1pca0.0005
3912528	3912528	SIRcenter1pca0.0005
3262994	3262994	SIRcenter1pca0.0005
5648891	5648891	SIRcenter1pca0.0005
4667254	4667254	SIRcenter1pca0.0005
4349837	4349837	SIRcenter1pca0.0005
1771442	1771442	SIRcenter1pca0.0005
1913923	1913923	SIRcenter1pca0.0005
2856024	2856024	SIRcenter1pca0.0005
1443745	1443745	SIRcenter1pca0.0005
5834656	5834656	SIRcenter1pca0.0005
2412474	2412474	SIRcenter1pca0.0005
3088675	3088675	SIRcenter1pca0.0005
3716721	3716721	SIRcenter1pca0.0005
4373655	4373655	SIRcenter1pca0.0005
5675426	5675426	SIRcenter1pca0.0005
5135405	5135405	SIRcenter1pca0.0005
1332270	1332270	SIRcenter1pca0.0005
1943634	1943634	SIRcenter1pca0.0005
3878857	3878857	SIRcenter1pca0.0005
3144457	3144457	SIRcenter1pca0.0005
3034962	3034962	SIRcenter1pca0.0005
3463069	3463069	SIRcenter1pca0.0005
3979997	3979997	SIRcenter1pca0.0005
4971309	4971309	SIRcenter1pca0.0005
2475164	2475164	SIRcenter1pca0.0005
2533748	2533748	SIRcenter1pca0.0005
2015432	2015432	SIRcenter1pca0.0005
3755946	3755946	SIRcenter1pca0.0005
3570783	3570783	SIRcenter1pca0.0005
1565760	1565760	SIRcenter1pca0.0005
4694549	4694549	SIRcenter1pca0.0005
4457087	4457087	SIRcenter1pca0.0005
1267901	1267901	SIRcenter1pca0.0005
2618989	2618989	SIRcenter1pca0.0005
5030825	5030825	SIRcenter1pca0.0005
2128239	2128239	SIRcenter1pca0.0005
5238793	5238793	SIRcenter1pca0.0005
3154906	3154906	SIRcenter1pca0.0005
2742679	2742679	SIRcenter1pca0.0005
2968829	2968829	SIRcenter1pca0.0005
3328839	3328839	SIRcenter1pca0.0005
5566723	5566723	SIRcenter1pca0.0005
5134001	5134001	SIRcenter1pca0.0005
3903613	3903613	SIRcenter1pca0.0005
1747235	1747235	SIRcenter1pca0.0005
1302157	1302157	SIRcenter1pca0.0005
1840650	1840650	SIRcenter1pca0.0005
4818453	4818453	SIRcenter1pca0.0005
4333320	4333320	SIRcenter1pca0.0005
2282361	2282361	SIRcenter1pca0.0005
5170969	5170969	SIRcenter1pca0.0005
4994370	4994370	SIRcenter1pca0.0005
5806264	5806264	SIRcenter1pca0.0005
4202940	4202940	SIRcenter1pca0.0005
5058470	5058470	SIRcenter1pca0.0005
3213033	3213033	SIRcenter1pca0.0005
4524064	4524064	SIRcenter1pca0.0005
2420882	2420882	SIRcenter1pca0.0005
5488098	5488098	SIRcenter1pca0.0005
4066212	4066212	SIRcenter1pca0.0005
2003151	2003151	SIRcenter1pca0.0005
4771206	4771206	SIRcenter1pca0.0005
2948390	2948390	SIRcenter1pca0.0005
3769836	3769836	SIRcenter1pca0.0005
2307816	2307816	SIRcenter1pca0.0005
1366137	1366137	SIRcenter1pca0.0005
4714714	4714714	SIRcenter1pca0.0005
3350047	3350047	SIRcenter1pca0.0005
4327600	4327600	SIRcenter1pca0.0005
5657631	5657631	SIRcenter1pca0.0005
3650760	3650760	SIRcenter1pca0.0005
2250589	2250589	SIRcenter1pca0.0005
1565760	1565760	SIRcenter1pca0.0005
2636347	2636347	SIRcenter1pca0.0005
2575785	2575785	SIRcenter1pca0.0005
2066442	2066442	SIRcenter1pca0.0005
2799040	2799040	SIRcenter1pca0.0005
2413479	2413479	SIRcenter1pca0.0005
4659477	4659477	SIRcenter1pca0.0005
2077389	2077389	SIRcenter1pca0.0005
2157059	2157059	SIRcenter1pca0.0005
2561766	2561766	SIRcenter1pca0.0005
5102265	5102265	SIRcenter1pca0.0005
4342683	4342683	SIRcenter1pca0.0005
1034523	1034523	SIRcenter1pca0.0005
1027296	1027296	SIRcenter1pca0.0005
1106893	1106893	SIRcenter1pca0.0005
2182163	2182163	SIRcenter1pca0.0005
2085404	2085404	SIRcenter1pca0.0005
3579953	3579953	SIRcenter1pca0.0005
3420631	3420631	SIRcenter1pca0.0005
2042174	2042174	SIRcenter1pca0.0005
1711238	1711238	SIRcenter1pca0.0005
1966895	1966895	SIRcenter1pca0.0005
1848386	1848386	SIRcenter1pca0.0005
2478308	2478308	SIRcenter1pca0.0005
1836233	1836233	SIRcenter1pca0.0005
1092982	1092982	SIRcenter1pca0.0005
1860602	1860602	SIRcenter1pca0.0005
1050937	1050937	SIRcenter1pca0.0005
5540916	5540916	SIRcenter1pca0.0005
5005459	5005459	SIRcenter1pca0.0005
1359956	1359956	SIRcenter1pca0.0005
4333916	4333916	SIRcenter1pca0.0005
2978362	2978362	SIRcenter1pca0.0005
3490250	3490250	SIRcenter1pca0.0005
5256987	5256987	SIRcenter1pca0.0005
1065702	1065702	SIRcenter1pca0.0005
3687380	3687380	SIRcenter1pca0.0005
4673422	4673422	SIRcenter1pca0.0005
1646708	1646708	SIRcenter1pca0.0005
5848587	5848587	SIRcenter1pca0.0005
3394668	3394668	SIRcenter1pca0.0005
2895590	2895590	SIRcenter1pca0.0005
4486508	4486508	SIRcenter1pca0.0005
5672208	5672208	SIRcenter1pca0.0005
3310567	3310567	SIRcenter1pca0.0005
4115834	4115834	SIRcenter1pca0.0005
1707320	1707320	SIRcenter1pca0.0005
2831421	2831421	SIRcenter1pca0.0005
3570075	3570075	SIRcenter1pca0.0005
4392850	4392850	SIRcenter1pca0.0005
2200945	2200945	SIRcenter1pca0.0005
4747601	4747601	SIRcenter1pca0.0005
3636678	3636678	SIRcenter1pca0.0005
5069731	5069731	SIRcenter1pca0.0005
1466409	1466409	SIRcenter1pca0.0005
1669793	1669793	SIRcenter1pca0.0005
3719861	3719861	SIRcenter1pca0.0005
5038831	5038831	SIRcenter1pca0.0005
4729295	4729295	SIRcenter1pca0.0005
1913089	1913089	SIRcenter1pca0.0005
5580862	5580862	SIRcenter1pca0.0005
5043092	5043092	SIRcenter1pca0.0005
3086645	3086645	SIRcenter1pca0.0005
2747291	2747291	SIRcenter1pca0.0005
2073606	2073606	SIRcenter1pca0.0005
1426060	1426060	SIRcenter1pca0.0005
3855918	3855918	SIRcenter1pca0.0005
4167338	4167338	SIRcenter1pca0.0005
2245846	2245846	SIRcenter1pca0.0005
4019787	4019787	SIRcenter1pca0.0005
4236239	4236239	SIRcenter1pca0.0005
3505689	3505689	SIRcenter1pca0.0005
4517896	4517896	SIRcenter1pca0.0005
2958679	2958679	SIRcenter1pca0.0005
1109401	1109401	SIRcenter1pca0.0005
1909207	1909207	SIRcenter1pca0.0005
3902510	3902510	SIRcenter1pca0.0005
3081204	3081204	SIRcenter1pca0.0005
4209830	4209830	SIRcenter1pca0.0005
5957602	5957602	SIRcenter1pca0.0005
5189057	5189057	SIRcenter1pca0.0005
3240057	3240057	SIRcenter1pca0.0005
2282361	2282361	SIRcenter1pca0.0005
2945435	2945435	SIRcenter1pca0.0005
2689176	2689176	SIRcenter1pca0.0005
5573823	5573823	SIRcenter1pca0.0005
1905442	1905442	SIRcenter1pca0.0005
4494838	4494838	SIRcenter1pca0.0005
5078497	5078497	SIRcenter1pca0.0005
2933027	2933027	SIRcenter1pca0.0005
2637480	2637480	SIRcenter1pca0.0005
5425576	5425576	SIRcenter1pca0.0005
4395795	4395795	SIRcenter1pca0.0005
1747648	1747648	SIRcenter1pca0.0005
4279414	4279414	SIRcenter1pca0.0005
3850460	3850460	SIRcenter1pca0.0005
3716383	3716383	SIRcenter1pca0.0005
5683394	5683394	SIRcenter1pca0.0005
3367172	3367172	SIRcenter1pca0.0005
1121470	1121470	SIRcenter1pca0.0005
4463995	4463995	SIRcenter1pca0.0005
1633360	1633360	SIRcenter1pca0.0005
5715150	5715150	SIRcenter1pca0.0005
5805400	5805400	SIRcenter1pca0.0005
2675813	2675813	SIRcenter1pca0.0005
1457130	1457130	SIRcenter1pca0.0005
1901025	1901025	SIRcenter1pca0.0005
3081866	3081866	SIRcenter1pca0.0005
3598190	3598190	SIRcenter1pca0.0005
3325909	3325909	SIRcenter1pca0.0005
3191690	3191690	SIRcenter1pca0.0005
5065646	5065646	SIRcenter1pca0.0005
4750763	4750763	SIRcenter1pca0.0005
1100156	1100156	SIRcenter1pca0.0005
2271248	2271248	SIRcenter1pca0.0005
5772033	5772033	SIRcenter1pca0.0005
2859823	2859823	SIRcenter1pca0.0005
5672158	5672158	SIRcenter1pca0.0005
2974514	2974514	SIRcenter1pca0.0005
5098633	5098633	SIRcenter1pca0.0005
3082466	3082466	SIRcenter1pca0.0005
2464117	2464117	SIRcenter1pca0.0005
2360983	2360983	SIRcenter1pca0.0005
4066212	4066212	SIRcenter1pca0.0005
1583304	1583304	SIRcenter1pca0.0005
1564302	1564302	SIRcenter1pca0.0005
5185118	5185118	SIRcenter1pca0.0005
5207488	5207488	SIRcenter1pca0.0005
4094201	4094201	SIRcenter1pca0.0005
3663916	3663916	SIRcenter1pca0.0005
1086269	1086269	SIRcenter1pca0.0005
4849338	4849338	SIRcenter1pca0.0005
5874267	5874267	SIRcenter1pca0.0005
3764664	3764664	SIRcenter1pca0.0005
3268951	3268951	SIRcenter1pca0.0005
5955320	5955320	SIRcenter1pca0.0005
2486553	2486553	SIRcenter1pca0.0005
2756884	2756884	SIRcenter1pca0.0005
2029805	2029805	SIRcenter1pca0.0005
2982431	2982431	SIRcenter1pca0.0005
5108212	5108212	SIRcenter1pca0.0005
3980686	3980686	SIRcenter1pca0.0005
4817581	4817581	SIRcenter1pca0.0005
5190554	5190554	SIRcenter1pca0.0005
2936824	2936824	SIRcenter1pca0.0005
4915336	4915336	SIRcenter1pca0.0005
5665540	5665540	SIRcenter1pca0.0005
4536814	4536814	SIRcenter1pca0.0005
4075305	4075305	SIRcenter1pca0.0005
1195805	1195805	SIRcenter1pca0.0005
3573609	3573609	SIRcenter1pca0.0005
4581046	4581046	SIRcenter1pca0.0005
5269725	5269725	SIRcenter1pca0.0005
4612077	4612077	SIRcenter1pca0.0005
3695093	3695093	SIRcenter1pca0.0005
2711418	2711418	SIRcenter1pca0.0005
3196935	3196935	SIRcenter1pca0.0005
3398633	3398633	SIRcenter1pca0.0005
2712206	2712206	SIRcenter1pca0.0005
4594243	4594243	SIRcenter1pca0.0005
3920731	3920731	SIRcenter1pca0.0005
3108069	3108069	SIRcenter1pca0.0005
5830850	5830850	SIRcenter1pca0.0005
2938863	2938863	SIRcenter1pca0.0005
4846198	4846198	SIRcenter1pca0.0005
5024641	5024641	SIRcenter1pca0.0005
5835406	5835406	SIRcenter1pca0.0005
1728700	1728700	SIRcenter1pca0.0005
2715295	2715295	SIRcenter1pca0.0005
4775656	4775656	SIRcenter1pca0.0005
4182043	4182043	SIRcenter1pca0.0005
1694217	1694217	SIRcenter1pca0.0005
1412313	1412313	SIRcenter1pca0.0005
3163604	3163604	SIRcenter1pca0.0005
3798394	3798394	SIRcenter1pca0.0005
4208157	4208157	SIRcenter1pca0.0005
1192205	1192205	SIRcenter1pca0.0005
3771059	3771059	SIRcenter1pca0.0005
4790823	4790823	SIRcenter1pca0.0005
1333636	1333636	SIRcenter1pca0.0005
3207960	3207960	SIRcenter1pca0.0005
3578794	3578794	SIRcenter1pca0.0005
2681593	2681593	SIRcenter1pca0.0005
1880842	1880842	SIRcenter1pca0.0005
1986931	1986931	SIRcenter1pca0.0005
4867223	4867223	SIRcenter1pca0.0005
2374029	2374029	SIRcenter1pca0.0005
1368717	1368717	SIRcenter1pca0.0005
4156842	4156842	SIRcenter1pca0.0005
1257727	1257727	SIRcenter1pca0.0005
4759479	4759479	SIRcenter1pca0.0005
3910592	3910592	SIRcenter1pca0.0005
4332335	4332335	SIRcenter1pca0.0005
5716449	5716449	SIRcenter1pca0.0005
1384589	1384589	SIRcenter1pca0.0005
4833439	4833439	SIRcenter1pca0.0005
4963594	4963594	SIRcenter1pca0.0005
2073606	2073606	SIRcenter1pca0.0005
4916532	4916532	SIRcenter1pca0.0005
5815301	5815301	SIRcenter1pca0.0005
4163288	4163288	SIRcenter1pca0.0005
3286014	3286014	SIRcenter1pca0.0005
2838666	2838666	SIRcenter1pca0.0005
3424504	3424504	SIRcenter1pca0.0005
4358488	4358488	SIRcenter1pca0.0005
5322209	5322209	SIRcenter1pca0.0005
2289594	2289594	SIRcenter1pca0.0005
4812724	4812724	SIRcenter1pca0.0005
3059601	3059601	SIRcenter1pca0.0005
1707320	1707320	SIRcenter1pca0.0005
4294021	4294021	SIRcenter1pca0.0005
4075305	4075305	SIRcenter1pca0.0005
5597768	5597768	SIRcenter1pca0.0005
3711514	3711514	SIRcenter1pca0.0005
3901842	3901842	SIRcenter1pca0.0005
5162049	5162049	SIRcenter1pca0.0005
4899745	4899745	SIRcenter1pca0.0005
5387750	5387750	SIRcenter1pca0.0005
3917087	3917087	SIRcenter1pca0.0005
4993251	4993251	SIRcenter1pca0.0005
2148127	2148127	SIRcenter1pca0.0005
4162255	4162255	SIRcenter1pca0.0005
3535206	3535206	SIRcenter1pca0.0005
4616135	4616135	SIRcenter1pca0.0005
1967347	1967347	SIRcenter1pca0.0005
3945762	3945762	SIRcenter1pca0.0005
1160383	1160383	SIRcenter1pca0.0005
4233089	4233089	SIRcenter1pca0.0005
1199592	1199592	SIRcenter1pca0.0005
1797500	1797500	SIRcenter1pca0.0005
5005327	5005327	SIRcenter1pca0.0005
3590703	3590703	SIRcenter1pca0.0005
3688321	3688321	SIRcenter1pca0.0005
3058859	3058859	SIRcenter1pca0.0005
4038468	4038468	SIRcenter1pca0.0005
1573116	1573116	SIRcenter1pca0.0005
3324730	3324730	SIRcenter1pca0.0005
1668589	1668589	SIRcenter1pca0.0005
3819307	3819307	SIRcenter1pca0.0005
3685236	3685236	SIRcenter1pca0.0005
4495032	4495032	SIRcenter1pca0.0005
2329226	2329226	SIRcenter1pca0.0005
3757075	3757075	SIRcenter1pca0.0005
1284490	1284490	SIRcenter1pca0.0005
2741867	2741867	SIRcenter1pca0.0005
1925198	1925198	SIRcenter1pca0.0005
2838806	2838806	SIRcenter1pca0.0005
3434067	3434067	SIRcenter1pca0.0005
1721399	1721399	SIRcenter1pca0.0005
2278608	2278608	SIRcenter1pca0.0005
2155267	2155267	SIRcenter1pca0.0005
3924635	3924635	SIRcenter1pca0.0005
3482977	3482977	SIRcenter1pca0.0005
2781027	2781027	SIRcenter1pca0.0005
3520052	3520052	SIRcenter1pca0.0005
2973782	2973782	SIRcenter1pca0.0005
1558201	1558201	SIRcenter1pca0.0005
2260677	2260677	SIRcenter1pca0.0005
5605736	5605736	SIRcenter1pca0.0005
3428173	3428173	SIRcenter1pca0.0005
1131527	1131527	SIRcenter1pca0.0005
1005298	1005298	SIRcenter1pca0.0005
1828990	1828990	SIRcenter1pca0.0005
1820848	1820848	SIRcenter1pca0.0005
3787651	3787651	SIRcenter1pca0.0005
1278403	1278403	SIRcenter1pca0.0005
3519522	3519522	SIRcenter1pca0.0005
2725553	2725553	SIRcenter1pca0.0005
4107885	4107885	SIRcenter1pca0.0005
2633214	2633214	SIRcenter1pca0.0005
3745677	3745677	SIRcenter1pca0.0005
2594849	2594849	SIRcenter1pca0.0005
2441470	2441470	SIRcenter1pca0.0005
2925689	2925689	SIRcenter1pca0.0005
3167432	3167432	SIRcenter1pca0.0005
5361968	5361968	SIRcenter1pca0.0005
3287182	3287182	SIRcenter1pca0.0005
3555359	3555359	SIRcenter1pca0.0005
3143475	3143475	SIRcenter1pca0.0005
1262045	1262045	SIRcenter1pca0.0005
4928427	4928427	SIRcenter1pca0.0005
3683438	3683438	SIRcenter1pca0.0005
2973309	2973309	SIRcenter1pca0.0005
2974533	2974533	SIRcenter1pca0.0005
1212166	1212166	SIRcenter1pca0.0005
5623613	5623613	SIRcenter1pca0.0005
2027467	2027467	SIRcenter1pca0.0005
3281377	3281377	SIRcenter1pca0.0005
2131242	2131242	SIRcenter1pca0.0005
4169376	4169376	SIRcenter1pca0.0005
4455820	4455820	SIRcenter1pca0.0005
4531087	4531087	SIRcenter1pca0.0005
4173918	4173918	SIRcenter1pca0.0005
2118863	2118863	SIRcenter1pca0.0005
5990306	5990306	SIRcenter1pca0.0005
1760323	1760323	SIRcenter1pca0.0005
4023040	4023040	SIRcenter1pca0.0005
5885450	5885450	SIRcenter1pca0.0005
3811237	3811237	SIRcenter1pca0.0005
2105244	2105244	SIRcenter1pca0.0005
5661942	5661942	SIRcenter1pca0.0005
2984468	2984468	SIRcenter1pca0.0005
4684457	4684457	SIRcenter1pca0.0005
2941255	2941255	SIRcenter1pca0.0005
2271248	2271248	SIRcenter1pca0.0005
3216518	3216518	SIRcenter1pca0.0005
5261540	5261540	SIRcenter1pca0.0005
2960861	2960861	SIRcenter1pca0.0005
4722921	4722921	SIRcenter1pca0.0005
3108370	3108370	SIRcenter1pca0.0005
3714888	3714888	SIRcenter1pca0.0005
5807200	5807200	SIRcenter1pca0.0005
3270038	3270038	SIRcenter1pca0.0005
3327933	3327933	SIRcenter1pca0.0005
4631446	4631446	SIRcenter1pca0.0005
1775289	1775289	SIRcenter1pca0.0005
5053975	5053975	SIRcenter1pca0.0005
4933976	4933976	SIRcenter1pca0.0005
3219528	3219528	SIRcenter1pca0.0005
5806499	5806499	SIRcenter1pca0.0005
5617716	5617716	SIRcenter1pca0.0005
4352267	4352267	SIRcenter1pca0.0005
3691866	3691866	SIRcenter1pca0.0005
2974149	2974149	SIRcenter1pca0.0005
4985244	4985244	SIRcenter1pca0.0005
5615131	5615131	SIRcenter1pca0.0005
2420980	2420980	SIRcenter1pca0.0005
4648759	4648759	SIRcenter1pca0.0005
1487493	1487493	SIRcenter1pca0.0005
5411419	5411419	SIRcenter1pca0.0005
3446576	3446576	SIRcenter1pca0.0005
1189828	1189828	SIRcenter1pca0.0005
3387644	3387644	SIRcenter1pca0.0005
2973782	2973782	SIRcenter1pca0.0005
3991110	3991110	SIRcenter1pca0.0005
2872576	2872576	SIRcenter1pca0.0005
2144353	2144353	SIRcenter1pca0.0005
3843510	3843510	SIRcenter1pca0.0005
1692803	1692803	SIRcenter1pca0.0005
2043971	2043971	SIRcenter1pca0.0005
1331337	1331337	SIRcenter1pca0.0005
4553271	4553271	SIRcenter1pca0.0005
3245923	3245923	SIRcenter1pca0.0005
3214315	3214315	SIRcenter1pca0.0005
3759055	3759055	SIRcenter1pca0.0005
4885723	4885723	SIRcenter1pca0.0005
5194130	5194130	SIRcenter1pca0.0005
3015434	3015434	SIRcenter1pca0.0005
4929208	4929208	SIRcenter1pca0.0005
1411681	1411681	SIRcenter1pca0.0005
1422236	1422236	SIRcenter1pca0.0005
5897816	5897816	SIRcenter1pca0.0005
1905442	1905442	SIRcenter1pca0.0005
5477498	5477498	SIRcenter1pca0.0005
2501969	2501969	SIRcenter1pca0.0005
5673562	5673562	SIRcenter1pca0.0005
1846314	1846314	SIRcenter1pca0.0005
5719142	5719142	SIRcenter1pca0.0005
5873360	5873360	SIRcenter1pca0.0005
3271722	3271722	SIRcenter1pca0.0005
3112680	3112680	SIRcenter1pca0.0005
2638473	2638473	SIRcenter1pca0.0005
4407056	4407056	SIRcenter1pca0.0005
3798607	3798607	SIRcenter1pca0.0005
4151393	4151393	SIRcenter1pca0.0005
5520704	5520704	SIRcenter1pca0.0005
3047431	3047431	SIRcenter1pca0.0005
5486227	5486227	SIRcenter1pca0.0005
4337725	4337725	SIRcenter1pca0.0005
2878816	2878816	SIRcenter1pca0.0005
1402913	1402913	SIRcenter1pca0.0005
3172227	3172227	SIRcenter1pca0.0005
2245846	2245846	SIRcenter1pca0.0005
1629917	1629917	SIRcenter1pca0.0005
3825935	3825935	SIRcenter1pca0.0005
5143916	5143916	SIRcenter1pca0.0005
5666959	5666959	SIRcenter1pca0.0005
2516353	2516353	SIRcenter1pca0.0005
3366973	3366973	SIRcenter1pca0.0005
3586344	3586344	SIRcenter1pca0.0005
4753869	4753869	SIRcenter1pca0.0005
1227825	1227825	SIRcenter1pca0.0005
4966031	4966031	SIRcenter1pca0.0005
5205751	5205751	SIRcenter1pca0.0005
5260108	5260108	SIRcenter1pca0.0005
4223644	4223644	SIRcenter1pca0.0005
4840478	4840478	SIRcenter1pca0.0005
2681103	2681103	SIRcenter1pca0.0005
3342655	3342655	SIRcenter1pca0.0005
5593546	5593546	SIRcenter1pca0.0005
3790452	3790452	SIRcenter1pca0.0005
3210647	3210647	SIRcenter1pca0.0005
4970747	4970747	SIRcenter1pca0.0005
5166868	5166868	SIRcenter1pca0.0005
3846508	3846508	SIRcenter1pca0.0005
4497919	4497919	SIRcenter1pca0.0005
5498082	5498082	SIRcenter1pca0.0005
4318477	4318477	SIRcenter1pca0.0005
2028364	2028364	SIRcenter1pca0.0005
1902419	1902419	SIRcenter1pca0.0005
1015322	1015322	SIRcenter1pca0.0005
3269786	3269786	SIRcenter1pca0.0005
3240085	3240085	SIRcenter1pca0.0005
4481879	4481879	SIRcenter1pca0.0005
1082891	1082891	SIRcenter1pca0.0005
3398002	3398002	SIRcenter1pca0.0005
2009194	2009194	SIRcenter1pca0.0005
5177295	5177295	SIRcenter1pca0.0005
1724570	1724570	SIRcenter1pca0.0005
4632553	4632553	SIRcenter1pca0.0005
1435596	1435596	SIRcenter1pca0.0005
2843546	2843546	SIRcenter1pca0.0005
5806124	5806124	SIRcenter1pca0.0005
3510621	3510621	SIRcenter1pca0.0005
5274022	5274022	SIRcenter1pca0.0005
2028950	2028950	SIRcenter1pca0.0005
3266486	3266486	SIRcenter1pca0.0005
1110442	1110442	SIRcenter1pca0.0005
4196015	4196015	SIRcenter1pca0.0005
4449835	4449835	SIRcenter1pca0.0005
1375204	1375204	SIRcenter1pca0.0005
2564269	2564269	SIRcenter1pca0.0005
1064270	1064270	SIRcenter1pca0.0005
3289269	3289269	SIRcenter1pca0.0005
2353117	2353117	SIRcenter1pca0.0005
5455793	5455793	SIRcenter1pca0.0005
2588576	2588576	SIRcenter1pca0.0005
3360268	3360268	SIRcenter1pca0.0005
2291099	2291099	SIRcenter1pca0.0005
1353749	1353749	SIRcenter1pca0.0005
5794088	5794088	SIRcenter1pca0.0005
2253833	2253833	SIRcenter1pca0.0005
2079729	2079729	SIRcenter1pca0.0005
1129415	1129415	SIRcenter1pca0.0005
5558008	5558008	SIRcenter1pca0.0005
1542953	1542953	SIRcenter1pca0.0005
4520502	4520502	SIRcenter1pca0.0005
3252350	3252350	SIRcenter1pca0.0005
3634683	3634683	SIRcenter1pca0.0005
5697024	5697024	SIRcenter1pca0.0005
3398942	3398942	SIRcenter1pca0.0005
3796433	3796433	SIRcenter1pca0.0005
4113135	4113135	SIRcenter1pca0.0005
1229392	1229392	SIRcenter1pca0.0005
1915629	1915629	SIRcenter1pca0.0005
4239995	4239995	SIRcenter1pca0.0005
5853304	5853304	SIRcenter1pca0.0005
3188630	3188630	SIRcenter1pca0.0005
3515280	3515280	SIRcenter1pca0.0005
2833405	2833405	SIRcenter1pca0.0005
2703949	2703949	SIRcenter1pca0.0005
2596049	2596049	SIRcenter1pca0.0005
5715333	5715333	SIRcenter1pca0.0005
5903053	5903053	SIRcenter1pca0.0005
5403094	5403094	SIRcenter1pca0.0005
2545663	2545663	SIRcenter1pca0.0005
5427162	5427162	SIRcenter1pca0.0005
3188630	3188630	SIRcenter1pca0.0005
2691202	2691202	SIRcenter1pca0.0005
3230022	3230022	SIRcenter1pca0.0005
5024641	5024641	SIRcenter1pca0.0005
4880365	4880365	SIRcenter1pca0.0005
2233091	2233091	SIRcenter1pca0.0005
1602110	1602110	SIRcenter1pca0.0005
5238929	5238929	SIRcenter1pca0.0005
4299836	4299836	SIRcenter1pca0.0005
5001434	5001434	SIRcenter1pca0.0005
5420370	5420370	SIRcenter1pca0.0005
3207193	3207193	SIRcenter1pca0.0005
3474121	3474121	SIRcenter1pca0.0005
5381509	5381509	SIRcenter1pca0.0005
4671005	4671005	SIRcenter1pca0.0005
1313095	1313095	SIRcenter1pca0.0005
5119791	5119791	SIRcenter1pca0.0005
3302495	3302495	SIRcenter1pca0.0005
2037729	2037729	SIRcenter1pca0.0005
2596208	2596208	SIRcenter1pca0.0005
1335117	1335117	SIRcenter1pca0.0005
4705942	4705942	SIRcenter1pca0.0005
4259670	4259670	SIRcenter1pca0.0005
2153247	2153247	SIRcenter1pca0.0005
1570867	1570867	SIRcenter1pca0.0005
3583667	3583667	SIRcenter1pca0.0005
1066519	1066519	SIRcenter1pca0.0005
2262799	2262799	SIRcenter1pca0.0005
4343948	4343948	SIRcenter1pca0.0005
1732899	1732899	SIRcenter1pca0.0005
1191915	1191915	SIRcenter1pca0.0005
3821761	3821761	SIRcenter1pca0.0005
3357671	3357671	SIRcenter1pca0.0005
5059122	5059122	SIRcenter1pca0.0005
1529315	1529315	SIRcenter1pca0.0005
2975791	2975791	SIRcenter1pca0.0005
4595591	4595591	SIRcenter1pca0.0005
1418580	1418580	SIRcenter1pca0.0005
3069351	3069351	SIRcenter1pca0.0005
3572784	3572784	SIRcenter1pca0.0005
2208440	2208440	SIRcenter1pca0.0005
3505994	3505994	SIRcenter1pca0.0005
2977218	2977218	SIRcenter1pca0.0005
3868099	3868099	SIRcenter1pca0.0005
1826218	1826218	SIRcenter1pca0.0005
4453780	4453780	SIRcenter1pca0.0005
3828997	3828997	SIRcenter1pca0.0005
3736889	3736889	SIRcenter1pca0.0005
3607973	3607973	SIRcenter1pca0.0005
1234704	1234704	SIRcenter1pca0.0005
5193237	5193237	SIRcenter1pca0.0005
1474638	1474638	SIRcenter1pca0.0005
5671267	5671267	SIRcenter1pca0.0005
2191261	2191261	SIRcenter1pca0.0005
3742082	3742082	SIRcenter1pca0.0005
3844283	3844283	SIRcenter1pca0.0005
1687092	1687092	SIRcenter1pca0.0005
2280520	2280520	SIRcenter1pca0.0005
5921061	5921061	SIRcenter1pca0.0005
4162022	4162022	SIRcenter1pca0.0005
5271954	5271954	SIRcenter1pca0.0005
1075783	1075783	SIRcenter1pca0.0005
1290648	1290648	SIRcenter1pca0.0005
4744176	4744176	SIRcenter1pca0.0005
5463092	5463092	SIRcenter1pca0.0005
5680754	5680754	SIRcenter1pca0.0005
1225936	1225936	SIRcenter1pca0.0005
3515923	3515923	SIRcenter1pca0.0005
3033802	3033802	SIRcenter1pca0.0005
5758883	5758883	SIRcenter1pca0.0005
2250802	2250802	SIRcenter1pca0.0005
2086133	2086133	SIRcenter1pca0.0005
1569535	1569535	SIRcenter1pca0.0005
5034608	5034608	SIRcenter1pca0.0005
1713655	1713655	SIRcenter1pca0.0005
3371817	3371817	SIRcenter1pca0.0005
4936642	4936642	SIRcenter1pca0.0005
3428985	3428985	SIRcenter1pca0.0005
3674308	3674308	SIRcenter1pca0.0005
3908581	3908581	SIRcenter1pca0.0005
1556492	1556492	SIRcenter1pca0.0005
3744507	3744507	SIRcenter1pca0.0005
4050097	4050097	SIRcenter1pca0.0005
4579291	4579291	SIRcenter1pca0.0005
1806669	1806669	SIRcenter1pca0.0005
4449541	4449541	SIRcenter1pca0.0005
2951881	2951881	SIRcenter1pca0.0005
2067210	2067210	SIRcenter1pca0.0005
5329944	5329944	SIRcenter1pca0.0005
4172240	4172240	SIRcenter1pca0.0005
3400797	3400797	SIRcenter1pca0.0005
1657433	1657433	SIRcenter1pca0.0005
5436733	5436733	SIRcenter1pca0.0005
5789920	5789920	SIRcenter1pca0.0005
4404650	4404650	SIRcenter1pca0.0005
1820646	1820646	SIRcenter1pca0.0005
4026508	4026508	SIRcenter1pca0.0005
1864584	1864584	SIRcenter1pca0.0005
4538107	4538107	SIRcenter1pca0.0005
4939561	4939561	SIRcenter1pca0.0005
3860903	3860903	SIRcenter1pca0.0005
2269334	2269334	SIRcenter1pca0.0005
3068229	3068229	SIRcenter1pca0.0005
3308418	3308418	SIRcenter1pca0.0005
1135358	1135358	SIRcenter1pca0.0005
4165588	4165588	SIRcenter1pca0.0005
1812330	1812330	SIRcenter1pca0.0005
3874284	3874284	SIRcenter1pca0.0005
4778872	4778872	SIRcenter1pca0.0005
1398374	1398374	SIRcenter1pca0.0005
5618371	5618371	SIRcenter1pca0.0005
4933461	4933461	SIRcenter1pca0.0005
3838163	3838163	SIRcenter1pca0.0005
4594243	4594243	SIRcenter1pca0.0005
3578059	3578059	SIRcenter1pca0.0005
1908685	1908685	SIRcenter1pca0.0005
4285110	4285110	SIRcenter1pca0.0005
2942771	2942771	SIRcenter1pca0.0005
1618606	1618606	SIRcenter1pca0.0005
5065635	5065635	SIRcenter1pca0.0005
5262311	5262311	SIRcenter1pca0.0005
5531840	5531840	SIRcenter1pca0.0005
1593306	1593306	SIRcenter1pca0.0005
4420784	4420784	SIRcenter1pca0.0005
1168377	1168377	SIRcenter1pca0.0005
5722768	5722768	SIRcenter1pca0.0005
3108939	3108939	SIRcenter1pca0.0005
3571748	3571748	SIRcenter1pca0.0005
4786293	4786293	SIRcenter1pca0.0005
2841169	2841169	SIRcenter1pca0.0005
5675426	5675426	SIRcenter1pca0.0005
3399087	3399087	SIRcenter1pca0.0005
4587384	4587384	SIRcenter1pca0.0005
4008816	4008816	SIRcenter1pca0.0005
5675426	5675426	SIRcenter1pca0.0005
3039910	3039910	SIRcenter1pca0.0005
1485182	1485182	SIRcenter1pca0.0005
2988184	2988184	SIRcenter1pca0.0005
5049501	5049501	SIRcenter1pca0.0005
3931214	3931214	SIRcenter1pca0.0005
2075758	2075758	SIRcenter1pca0.0005
1856683	1856683	SIRcenter1pca0.0005
2445999	2445999	SIRcenter1pca0.0005
4135458	4135458	SIRcenter1pca0.0005
2790651	2790651	SIRcenter1pca0.0005
5389671	5389671	SIRcenter1pca0.0005
5929638	5929638	SIRcenter1pca0.0005
2777981	2777981	SIRcenter1pca0.0005
1185895	1185895	SIRcenter1pca0.0005
4879072	4879072	SIRcenter1pca0.0005
2410323	2410323	SIRcenter1pca0.0005
2145638	2145638	SIRcenter1pca0.0005
4387703	4387703	SIRcenter1pca0.0005
1583959	1583959	SIRcenter1pca0.0005
3128456	3128456	SIRcenter1pca0.0005
3863336	3863336	SIRcenter1pca0.0005
4209397	4209397	SIRcenter1pca0.0005
1826759	1826759	SIRcenter1pca0.0005
1732735	1732735	SIRcenter1pca0.0005
1063810	1063810	SIRcenter1pca0.0005
5556981	5556981	SIRcenter1pca0.0005
2664085	2664085	SIRcenter1pca0.0005
5711113	5711113	SIRcenter1pca0.0005
5024641	5024641	SIRcenter1pca0.0005
5875807	5875807	SIRcenter1pca0.0005
4743087	4743087	SIRcenter1pca0.0005
2364213	2364213	SIRcenter1pca0.0005
2889707	2889707	SIRcenter1pca0.0005
1684539	1684539	SIRcenter1pca0.0005
3866920	3866920	SIRcenter1pca0.0005
3060654	3060654	SIRcenter1pca0.0005
4145038	4145038	SIRcenter1pca0.0005
4517637	4517637	SIRcenter1pca0.0005
2130541	2130541	SIRcenter1pca0.0005
3802222	3802222	SIRcenter1pca0.0005
4455354	4455354	SIRcenter1pca0.0005
2879290	2879290	SIRcenter1pca0.0005
5932391	5932391	SIRcenter1pca0.0005
5508519	5508519	SIRcenter1pca0.0005
3471455	3471455	SIRcenter1pca0.0005
2285677	2285677	SIRcenter1pca0.0005
3878818	3878818	SIRcenter1pca0.0005
5381372	5381372	SIRcenter1pca0.0005
4061000	4061000	SIRcenter1pca0.0005
4196214	4196214	SIRcenter1pca0.0005
2260497	2260497	SIRcenter1pca0.0005
4402740	4402740	SIRcenter1pca0.0005
3250389	3250389	SIRcenter1pca0.0005
5023384	5023384	SIRcenter1pca0.0005
4944581	4944581	SIRcenter1pca0.0005
5137981	5137981	SIRcenter1pca0.0005
2008096	2008096	SIRcenter1pca0.0005
1849239	1849239	SIRcenter1pca0.0005
2077111	2077111	SIRcenter1pca0.0005
4302807	4302807	SIRcenter1pca0.0005
4133781	4133781	SIRcenter1pca0.0005
2743131	2743131	SIRcenter1pca0.0005
2844170	2844170	SIRcenter1pca0.0005
2597327	2597327	SIRcenter1pca0.0005
2028675	2028675	SIRcenter1pca0.0005
5932894	5932894	SIRcenter1pca0.0005
2228310	2228310	SIRcenter1pca0.0005
4218950	4218950	SIRcenter1pca0.0005
3254496	3254496	SIRcenter1pca0.0005
1504734	1504734	SIRcenter1pca0.0005
3564337	3564337	SIRcenter1pca0.0005
1173450	1173450	SIRcenter1pca0.0005
4024658	4024658	SIRcenter1pca0.0005
1552973	1552973	SIRcenter1pca0.0005
1386301	1386301	SIRcenter1pca0.0005
2991240	2991240	SIRcenter1pca0.0005
5349340	5349340	SIRcenter1pca0.0005
5431667	5431667	SIRcenter1pca0.0005
5861986	5861986	SIRcenter1pca0.0005
2086852	2086852	SIRcenter1pca0.0005
3726984	3726984	SIRcenter1pca0.0005
2253833	2253833	SIRcenter1pca0.0005
3453080	3453080	SIRcenter1pca0.0005
2408627	2408627	SIRcenter1pca0.0005
4911453	4911453	SIRcenter1pca0.0005
4565939	4565939	SIRcenter1pca0.0005
3244447	3244447	SIRcenter1pca0.0005
5689083	5689083	SIRcenter1pca0.0005
5481562	5481562	SIRcenter1pca0.0005
2064599	2064599	SIRcenter1pca0.0005
3537687	3537687	SIRcenter1pca0.0005
2199465	2199465	SIRcenter1pca0.0005
5060180	5060180	SIRcenter1pca0.0005
3297123	3297123	SIRcenter1pca0.0005
5678393	5678393	SIRcenter1pca0.0005
1156982	1156982	SIRcenter1pca0.0005
1947756	1947756	SIRcenter1pca0.0005
4065747	4065747	SIRcenter1pca0.0005
1362308	1362308	SIRcenter1pca0.0005
3613420	3613420	SIRcenter1pca0.0005
2029132	2029132	SIRcenter1pca0.0005
4352824	4352824	SIRcenter1pca0.0005
1026430	1026430	SIRcenter1pca0.0005
5210349	5210349	SIRcenter1pca0.0005
5857133	5857133	SIRcenter1pca0.0005
1331305	1331305	SIRcenter1pca0.0005
4033857	4033857	SIRcenter1pca0.0005
4512003	4512003	SIRcenter1pca0.0005
5309918	5309918	SIRcenter1pca0.0005
1608808	1608808	SIRcenter1pca0.0005
5554023	5554023	SIRcenter1pca0.0005
5098829	5098829	SIRcenter1pca0.0005
4882544	4882544	SIRcenter1pca0.0005
2256603	2256603	SIRcenter1pca0.0005
3396749	3396749	SIRcenter1pca0.0005
5718331	5718331	SIRcenter1pca0.0005
5326394	5326394	SIRcenter1pca0.0005
3429839	3429839	SIRcenter1pca0.0005
4483536	4483536	SIRcenter1pca0.0005
3794939	3794939	SIRcenter1pca0.0005
1625420	1625420	SIRcenter1pca0.0005
3570252	3570252	SIRcenter1pca0.0005
5272386	5272386	SIRcenter1pca0.0005
5615912	5615912	SIRcenter1pca0.0005
4104304	4104304	SIRcenter1pca0.0005
2885374	2885374	SIRcenter1pca0.0005
3693344	3693344	SIRcenter1pca0.0005
2340142	2340142	SIRcenter1pca0.0005
1835526	1835526	SIRcenter1pca0.0005
2534493	2534493	SIRcenter1pca0.0005
1601398	1601398	SIRcenter1pca0.0005
4861892	4861892	SIRcenter1pca0.0005
3408445	3408445	SIRcenter1pca0.0005
5765420	5765420	SIRcenter1pca0.0005
1198597	1198597	SIRcenter1pca0.0005
4883610	4883610	SIRcenter1pca0.0005
2017553	2017553	SIRcenter1pca0.0005
3526922	3526922	SIRcenter1pca0.0005
5288817	5288817	SIRcenter1pca0.0005
1085260	1085260	SIRcenter1pca0.0005
2886804	2886804	SIRcenter1pca0.0005
3012230	3012230	SIRcenter1pca0.0005
4239846	4239846	SIRcenter1pca0.0005
5174431	5174431	SIRcenter1pca0.0005
2586065	2586065	SIRcenter1pca0.0005
3293308	3293308	SIRcenter1pca0.0005
1170547	1170547	SIRcenter1pca0.0005
2172352	2172352	SIRcenter1pca0.0005
2634052	2634052	SIRcenter1pca0.0005
5480736	5480736	SIRcenter1pca0.0005
3425408	3425408	SIRcenter1pca0.0005
5679611	5679611	SIRcenter1pca0.0005
1766050	1766050	SIRcenter1pca0.0005
1550124	1550124	SIRcenter1pca0.0005
2527416	2527416	SIRcenter1pca0.0005
5052074	5052074	SIRcenter1pca0.0005
3600543	3600543	SIRcenter1pca0.0005
2925495	2925495	SIRcenter1pca0.0005
1881149	1881149	SIRcenter1pca0.0005
2975791	2975791	SIRcenter1pca0.0005
4527350	4527350	SIRcenter1pca0.0005
1130133	1130133	SIRcenter1pca0.0005
4183164	4183164	SIRcenter1pca0.0005
1824144	1824144	SIRcenter1pca0.0005
3484287	3484287	SIRcenter1pca0.0005
5943376	5943376	SIRcenter1pca0.0005
5185897	5185897	SIRcenter1pca0.0005
4700177	4700177	SIRcenter1pca0.0005
3792289	3792289	SIRcenter1pca0.0005
2055954	2055954	SIRcenter1pca0.0005
5221369	5221369	SIRcenter1pca0.0005
4651565	4651565	SIRcenter1pca0.0005
1180081	1180081	SIRcenter1pca0.0005
5800964	5800964	SIRcenter1pca0.0005
2957010	2957010	SIRcenter1pca0.0005
5868352	5868352	SIRcenter1pca0.0005
5250893	5250893	SIRcenter1pca0.0005
3775433	3775433	SIRcenter1pca0.0005
5944914	5944914	SIRcenter1pca0.0005
1229652	1229652	SIRcenter1pca0.0005
1100716	1100716	SIRcenter1pca0.0005
1763724	1763724	SIRcenter1pca0.0005
3591430	3591430	SIRcenter1pca0.0005
6022972	6022972	SIRcenter1pca0.0005
5451205	5451205	SIRcenter1pca0.0005
2160823	2160823	SIRcenter1pca0.0005
5059122	5059122	SIRcenter1pca0.0005
4924099	4924099	SIRcenter1pca0.0005
3893090	3893090	SIRcenter1pca0.0005
3584945	3584945	SIRcenter1pca0.0005
1272363	1272363	SIRcenter1pca0.0005
2455435	2455435	SIRcenter1pca0.0005
3878857	3878857	SIRcenter1pca0.0005
3977033	3977033	SIRcenter1pca0.0005
1146184	1146184	SIRcenter1pca0.0005
4613959	4613959	SIRcenter1pca0.0005
3267955	3267955	SIRcenter1pca0.0005
4989795	4989795	SIRcenter1pca0.0005
5421776	5421776	SIRcenter1pca0.0005
2939666	2939666	SIRcenter1pca0.0005
5266284	5266284	SIRcenter1pca0.0005
4331034	4331034	SIRcenter1pca0.0005
1678607	1678607	SIRcenter1pca0.0005
5402477	5402477	SIRcenter1pca0.0005
4276684	4276684	SIRcenter1pca0.0005
3731647	3731647	SIRcenter1pca0.0005
5663444	5663444	SIRcenter1pca0.0005
1537200	1537200	SIRcenter1pca0.0005
2525847	2525847	SIRcenter1pca0.0005
4238555	4238555	SIRcenter1pca0.0005
2893414	2893414	SIRcenter1pca0.0005
4129738	4129738	SIRcenter1pca0.0005
2674601	2674601	SIRcenter1pca0.0005
4281953	4281953	SIRcenter1pca0.0005
1756821	1756821	SIRcenter1pca0.0005
2534967	2534967	SIRcenter1pca0.0005
1000549	1000549	SIRcenter1pca0.0005
1371377	1371377	SIRcenter1pca0.0005
3278086	3278086	SIRcenter1pca0.0005
1211077	1211077	SIRcenter1pca0.0005
1884712	1884712	SIRcenter1pca0.0005
5874032	5874032	SIRcenter1pca0.0005
5021370	5021370	SIRcenter1pca0.0005
2382827	2382827	SIRcenter1pca0.0005
3169050	3169050	SIRcenter1pca0.0005
3088427	3088427	SIRcenter1pca0.0005
5955320	5955320	SIRcenter1pca0.0005
2729419	2729419	SIRcenter1pca0.0005
4061000	4061000	SIRcenter1pca0.0005
4076035	4076035	SIRcenter1pca0.0005
3918604	3918604	SIRcenter1pca0.0005
5903839	5903839	SIRcenter1pca0.0005
3086645	3086645	SIRcenter1pca0.0005
5088187	5088187	SIRcenter1pca0.0005
5050743	5050743	SIRcenter1pca0.0005
4231595	4231595	SIRcenter1pca0.0005
1466820	1466820	SIRcenter1pca0.0005
5008613	5008613	SIRcenter1pca0.0005
3483997	3483997	SIRcenter1pca0.0005
3021679	3021679	SIRcenter1pca0.0005
3650760	3650760	SIRcenter1pca0.0005
1319820	1319820	SIRcenter1pca0.0005
2661923	2661923	SIRcenter1pca0.0005
3956071	3956071	SIRcenter1pca0.0005
1600601	1600601	SIRcenter1pca0.0005
5425576	5425576	SIRcenter1pca0.0005
5725023	5725023	SIRcenter1pca0.0005
4906614	4906614	SIRcenter1pca0.0005
3236991	3236991	SIRcenter1pca0.0005
4114261	4114261	SIRcenter1pca0.0005
5630512	5630512	SIRcenter1pca0.0005
2753159	2753159	SIRcenter1pca0.0005
5332492	5332492	SIRcenter1pca0.0005
3214315	3214315	SIRcenter1pca0.0005
3725032	3725032	SIRcenter1pca0.0005
1412313	1412313	SIRcenter1pca0.0005
2919803	2919803	SIRcenter1pca0.0005
1146836	1146836	SIRcenter1pca0.0005
5490610	5490610	SIRcenter1pca0.0005
2983615	2983615	SIRcenter1pca0.0005
3114994	3114994	SIRcenter1pca0.0005
1432681	1432681	SIRcenter1pca0.0005
4872390	4872390	SIRcenter1pca0.0005
3773805	3773805	SIRcenter1pca0.0005
5717240	5717240	SIRcenter1pca0.0005
5739719	5739719	SIRcenter1pca0.0005
2951791	2951791	SIRcenter1pca0.0005
2500136	2500136	SIRcenter1pca0.0005
4933695	4933695	SIRcenter1pca0.0005
5010481	5010481	SIRcenter1pca0.0005
4459825	4459825	SIRcenter1pca0.0005
4767531	4767531	SIRcenter1pca0.0005
4507461	4507461	SIRcenter1pca0.0005
1981830	1981830	SIRcenter1pca0.0005
1674165	1674165	SIRcenter1pca0.0005
5550883	5550883	SIRcenter1pca0.0005
4445292	4445292	SIRcenter1pca0.0005
4407056	4407056	SIRcenter1pca0.0005
2743001	2743001	SIRcenter1pca0.0005
5633636	5633636	SIRcenter1pca0.0005
4905751	4905751	SIRcenter1pca0.0005
3944160	3944160	SIRcenter1pca0.0005
4230801	4230801	SIRcenter1pca0.0005
1108726	1108726	SIRcenter1pca0.0005
4272896	4272896	SIRcenter1pca0.0005
5395274	5395274	SIRcenter1pca0.0005
5920550	5920550	SIRcenter1pca0.0005
2150018	2150018	SIRcenter1pca0.0005
1857199	1857199	SIRcenter1pca0.0005
3938280	3938280	SIRcenter1pca0.0005
5078101	5078101	SIRcenter1pca0.0005
3632921	3632921	SIRcenter1pca0.0005
2166494	2166494	SIRcenter1pca0.0005
1413504	1413504	SIRcenter1pca0.0005
1475838	1475838	SIRcenter1pca0.0005
4966085	4966085	SIRcenter1pca0.0005
3776308	3776308	SIRcenter1pca0.0005
2179906	2179906	SIRcenter1pca0.0005
3502276	3502276	SIRcenter1pca0.0005
5108212	5108212	SIRcenter1pca0.0005
4783716	4783716	SIRcenter1pca0.0005
1707143	1707143	SIRcenter1pca0.0005
3299930	3299930	SIRcenter1pca0.0005
5072119	5072119	SIRcenter1pca0.0005
4331034	4331034	SIRcenter1pca0.0005
5367209	5367209	SIRcenter1pca0.0005
5381509	5381509	SIRcenter1pca0.0005
4040745	4040745	SIRcenter1pca0.0005
4458884	4458884	SIRcenter1pca0.0005
2990503	2990503	SIRcenter1pca0.0005
3989532	3989532	SIRcenter1pca0.0005
1805164	1805164	SIRcenter1pca0.0005
4204359	4204359	SIRcenter1pca0.0005
5075300	5075300	SIRcenter1pca0.0005
1563317	1563317	SIRcenter1pca0.0005
1368717	1368717	SIRcenter1pca0.0005
4757937	4757937	SIRcenter1pca0.0005
1378686	1378686	SIRcenter1pca0.0005
1194043	1194043	SIRcenter1pca0.0005
2228310	2228310	SIRcenter1pca0.0005
1454627	1454627	SIRcenter1pca0.0005
3481884	3481884	SIRcenter1pca0.0005
5502737	5502737	SIRcenter1pca0.0005
4488075	4488075	SIRcenter1pca0.0005
1550065	1550065	SIRcenter1pca0.0005
4961977	4961977	SIRcenter1pca0.0005
4240945	4240945	SIRcenter1pca0.0005
2990456	2990456	SIRcenter1pca0.0005
1087741	1087741	SIRcenter1pca0.0005
4425600	4425600	SIRcenter1pca0.0005
1267882	1267882	SIRcenter1pca0.0005
1685437	1685437	SIRcenter1pca0.0005
3719248	3719248	SIRcenter1pca0.0005
3749953	3749953	SIRcenter1pca0.0005
1712020	1712020	SIRcenter1pca0.0005
1893663	1893663	SIRcenter1pca0.0005
4603194	4603194	SIRcenter1pca0.0005
3579316	3579316	SIRcenter1pca0.0005
2867424	2867424	SIRcenter1pca0.0005
1417293	1417293	SIRcenter1pca0.0005
5123031	5123031	SIRcenter1pca0.0005
1772539	1772539	SIRcenter1pca0.0005
3460140	3460140	SIRcenter1pca0.0005
4796625	4796625	SIRcenter1pca0.0005
2510410	2510410	SIRcenter1pca0.0005
4871488	4871488	SIRcenter1pca0.0005
3360101	3360101	SIRcenter1pca0.0005
3116860	3116860	SIRcenter1pca0.0005
5543140	5543140	SIRcenter1pca0.0005
5381616	5381616	SIRcenter1pca0.0005
1083489	1083489	SIRcenter1pca0.0005
2739967	2739967	SIRcenter1pca0.0005
5317711	5317711	SIRcenter1pca0.0005
5802049	5802049	SIRcenter1pca0.0005
5967812	5967812	SIRcenter1pca0.0005
3108171	3108171	SIRcenter1pca0.0005
5768289	5768289	SIRcenter1pca0.0005
5852111	5852111	SIRcenter1pca0.0005
5175915	5175915	SIRcenter1pca0.0005
5285537	5285537	SIRcenter1pca0.0005
5463721	5463721	SIRcenter1pca0.0005
4790481	4790481	SIRcenter1pca0.0005
2019137	2019137	SIRcenter1pca0.0005
4862793	4862793	SIRcenter1pca0.0005
5027551	5027551	SIRcenter1pca0.0005
1938790	1938790	SIRcenter1pca0.0005
5141488	5141488	SIRcenter1pca0.0005
3128729	3128729	SIRcenter1pca0.0005
1518610	1518610	SIRcenter1pca0.0005
1926222	1926222	SIRcenter1pca0.0005
3823056	3823056	SIRcenter1pca0.0005
1340679	1340679	SIRcenter1pca0.0005
2466444	2466444	SIRcenter1pca0.0005
2485848	2485848	SIRcenter1pca0.0005
5635410	5635410	SIRcenter1pca0.0005
3758829	3758829	SIRcenter1pca0.0005
2166861	2166861	SIRcenter1pca0.0005
5175778	5175778	SIRcenter1pca0.0005
2459984	2459984	SIRcenter1pca0.0005
2440327	2440327	SIRcenter1pca0.0005
5019696	5019696	SIRcenter1pca0.0005
2688261	2688261	SIRcenter1pca0.0005
4973983	4973983	SIRcenter1pca0.0005
3648390	3648390	SIRcenter1pca0.0005
3905544	3905544	SIRcenter1pca0.0005
4452015	4452015	SIRcenter1pca0.0005
3251132	3251132	SIRcenter1pca0.0005
5204088	5204088	SIRcenter1pca0.0005
3848681	3848681	SIRcenter1pca0.0005
3856097	3856097	SIRcenter1pca0.0005
1386448	1386448	SIRcenter1pca0.0005
4690012	4690012	SIRcenter1pca0.0005
1503841	1503841	SIRcenter1pca0.0005
3962355	3962355	SIRcenter1pca0.0005
4333365	4333365	SIRcenter1pca0.0005
4831791	4831791	SIRcenter1pca0.0005
3524268	3524268	SIRcenter1pca0.0005
2762029	2762029	SIRcenter1pca0.0005
3277584	3277584	SIRcenter1pca0.0005
5180303	5180303	SIRcenter1pca0.0005
2785518	2785518	SIRcenter1pca0.0005
5692716	5692716	SIRcenter1pca0.0005
1255179	1255179	SIRcenter1pca0.0005
1194043	1194043	SIRcenter1pca0.0005
1995505	1995505	SIRcenter1pca0.0005
5161280	5161280	SIRcenter1pca0.0005
5666914	5666914	SIRcenter1pca0.0005
5292320	5292320	SIRcenter1pca0.0005
4461351	4461351	SIRcenter1pca0.0005
4220459	4220459	SIRcenter1pca0.0005
2573539	2573539	SIRcenter1pca0.0005
3007656	3007656	SIRcenter1pca0.0005
4487266	4487266	SIRcenter1pca0.0005
1298393	1298393	SIRcenter1pca0.0005
1470788	1470788	SIRcenter1pca0.0005
2770085	2770085	SIRcenter1pca0.0005
4414749	4414749	SIRcenter1pca0.0005
5564155	5564155	SIRcenter1pca0.0005
4643687	4643687	SIRcenter1pca0.0005
3255147	3255147	SIRcenter1pca0.0005
5810949	5810949	SIRcenter1pca0.0005
5173999	5173999	SIRcenter1pca0.0005
3197121	3197121	SIRcenter1pca0.0005
5602897	5602897	SIRcenter1pca0.0005
3922610	3922610	SIRcenter1pca0.0005
3824119	3824119	SIRcenter1pca0.0005
4486515	4486515	SIRcenter1pca0.0005
4493612	4493612	SIRcenter1pca0.0005
5428497	5428497	SIRcenter1pca0.0005
1309197	1309197	SIRcenter1pca0.0005
5726279	5726279	SIRcenter1pca0.0005
4796625	4796625	SIRcenter1pca0.0005
5307210	5307210	SIRcenter1pca0.0005
3118681	3118681	SIRcenter1pca0.0005
4613494	4613494	SIRcenter1pca0.0005
3394684	3394684	SIRcenter1pca0.0005
2567896	2567896	SIRcenter1pca0.0005
2063028	2063028	SIRcenter1pca0.0005
3639677	3639677	SIRcenter1pca0.0005
1298702	1298702	SIRcenter1pca0.0005
5464315	5464315	SIRcenter1pca0.0005
5747851	5747851	SIRcenter1pca0.0005
3784441	3784441	SIRcenter1pca0.0005
4215872	4215872	SIRcenter1pca0.0005
3759495	3759495	SIRcenter1pca0.0005
4352267	4352267	SIRcenter1pca0.0005
5758687	5758687	SIRcenter1pca0.0005
3950508	3950508	SIRcenter1pca0.0005
2616049	2616049	SIRcenter1pca0.0005
2949418	2949418	SIRcenter1pca0.0005
2860919	2860919	SIRcenter1pca0.0005
5183215	5183215	SIRcenter1pca0.0005
4069439	4069439	SIRcenter1pca0.0005
1678565	1678565	SIRcenter1pca0.0005
2774539	2774539	SIRcenter1pca0.0005
3244624	3244624	SIRcenter1pca0.0005
4622349	4622349	SIRcenter1pca0.0005
3190368	3190368	SIRcenter1pca0.0005
2245846	2245846	SIRcenter1pca0.0005
4158000	4158000	SIRcenter1pca0.0005
2742750	2742750	SIRcenter1pca0.0005
4351027	4351027	SIRcenter1pca0.0005
2526348	2526348	SIRcenter1pca0.0005
5423622	5423622	SIRcenter1pca0.0005
1335117	1335117	SIRcenter1pca0.0005
1873459	1873459	SIRcenter1pca0.0005
5806264	5806264	SIRcenter1pca0.0005
4119623	4119623	SIRcenter1pca0.0005
5667958	5667958	SIRcenter1pca0.0005
3152675	3152675	SIRcenter1pca0.0005
5057519	5057519	SIRcenter1pca0.0005
2274445	2274445	SIRcenter1pca0.0005
4973983	4973983	SIRcenter1pca0.0005
1703072	1703072	SIRcenter1pca0.0005
2675072	2675072	SIRcenter1pca0.0005
2895590	2895590	SIRcenter1pca0.0005
2405812	2405812	SIRcenter1pca0.0005
2489132	2489132	SIRcenter1pca0.0005
3763521	3763521	SIRcenter1pca0.0005
2632112	2632112	SIRcenter1pca0.0005
2520234	2520234	SIRcenter1pca0.0005
4485269	4485269	SIRcenter1pca0.0005
3606868	3606868	SIRcenter1pca0.0005
2953164	2953164	SIRcenter1pca0.0005
3465651	3465651	SIRcenter1pca0.0005
5686250	5686250	SIRcenter1pca0.0005
5170233	5170233	SIRcenter1pca0.0005
3102595	3102595	SIRcenter1pca0.0005
1218437	1218437	SIRcenter1pca0.0005
4075416	4075416	SIRcenter1pca0.0005
1604955	1604955	SIRcenter1pca0.0005
5057266	5057266	SIRcenter1pca0.0005
5579785	5579785	SIRcenter1pca0.0005
5553055	5553055	SIRcenter1pca0.0005
4789294	4789294	SIRcenter1pca0.0005
3160100	3160100	SIRcenter1pca0.0005
2919412	2919412	SIRcenter1pca0.0005
1614934	1614934	SIRcenter1pca0.0005
4903797	4903797	SIRcenter1pca0.0005
5260108	5260108	SIRcenter1pca0.0005
2490214	2490214	SIRcenter1pca0.0005
1097419	1097419	SIRcenter1pca0.0005
3863262	3863262	SIRcenter1pca0.0005
4527559	4527559	SIRcenter1pca0.0005
1332006	1332006	SIRcenter1pca0.0005
1376868	1376868	SIRcenter1pca0.0005
4019787	4019787	SIRcenter1pca0.0005
2131242	2131242	SIRcenter1pca0.0005
3905544	3905544	SIRcenter1pca0.0005
1024742	1024742	SIRcenter1pca0.0005
2713745	2713745	SIRcenter1pca0.0005
1036076	1036076	SIRcenter1pca0.0005
3694330	3694330	SIRcenter1pca0.0005
3988700	3988700	SIRcenter1pca0.0005
2154941	2154941	SIRcenter1pca0.0005
2946282	2946282	SIRcenter1pca0.0005
5829155	5829155	SIRcenter1pca0.0005
3570075	3570075	SIRcenter1pca0.0005
1870097	1870097	SIRcenter1pca0.0005
3708249	3708249	SIRcenter1pca0.0005
2719327	2719327	SIRcenter1pca0.0005
4421665	4421665	SIRcenter1pca0.0005
5654492	5654492	SIRcenter1pca0.0005
1712020	1712020	SIRcenter1pca0.0005
4454614	4454614	SIRcenter1pca0.0005
5581563	5581563	SIRcenter1pca0.0005
1779773	1779773	SIRcenter1pca0.0005
3407735	3407735	SIRcenter1pca0.0005
2465524	2465524	SIRcenter1pca0.0005
2497555	2497555	SIRcenter1pca0.0005
1540983	1540983	SIRcenter1pca0.0005
2426848	2426848	SIRcenter1pca0.0005
5482499	5482499	SIRcenter1pca0.0005
4843843	4843843	SIRcenter1pca0.0005
1947026	1947026	SIRcenter1pca0.0005
1117020	1117020	SIRcenter1pca0.0005
1740626	1740626	SIRcenter1pca0.0005
2480569	2480569	SIRcenter1pca0.0005
4724323	4724323	SIRcenter1pca0.0005
5722142	5722142	SIRcenter1pca0.0005
1458380	1458380	SIRcenter1pca0.0005
2683554	2683554	SIRcenter1pca0.0005
5276559	5276559	SIRcenter1pca0.0005
1057984	1057984	SIRcenter1pca0.0005
5976303	5976303	SIRcenter1pca0.0005
5329378	5329378	SIRcenter1pca0.0005
4276178	4276178	SIRcenter1pca0.0005
2610171	2610171	SIRcenter1pca0.0005
1098314	1098314	SIRcenter1pca0.0005
5413079	5413079	SIRcenter1pca0.0005
3848245	3848245	SIRcenter1pca0.0005
5475873	5475873	SIRcenter1pca0.0005
3067735	3067735	SIRcenter1pca0.0005
3300788	3300788	SIRcenter1pca0.0005
5071137	5071137	SIRcenter1pca0.0005
2271697	2271697	SIRcenter1pca0.0005
1940272	1940272	SIRcenter1pca0.0005
1644833	1644833	SIRcenter1pca0.0005
4414156	4414156	SIRcenter1pca0.0005
2036625	2036625	SIRcenter1pca0.0005
5944914	5944914	SIRcenter1pca0.0005
1109401	1109401	SIRcenter1pca0.0005
2547657	2547657	SIRcenter1pca0.0005
1984137	1984137	SIRcenter1pca0.0005
2829224	2829224	SIRcenter1pca0.0005
2698466	2698466	SIRcenter1pca0.0005
1947149	1947149	SIRcenter1pca0.0005
2841065	2841065	SIRcenter1pca0.0005
4107641	4107641	SIRcenter1pca0.0005
2889867	2889867	SIRcenter1pca0.0005
4696032	4696032	SIRcenter1pca0.0005
3894688	3894688	SIRcenter1pca0.0005
5311550	5311550	SIRcenter1pca0.0005
1620458	1620458	SIRcenter1pca0.0005
2351476	2351476	SIRcenter1pca0.0005
5844662	5844662	SIRcenter1pca0.0005
5391403	5391403	SIRcenter1pca0.0005
3307247	3307247	SIRcenter1pca0.0005
3273672	3273672	SIRcenter1pca0.0005
4899745	4899745	SIRcenter1pca0.0005
2141513	2141513	SIRcenter1pca0.0005
4419195	4419195	SIRcenter1pca0.0005
1990084	1990084	SIRcenter1pca0.0005
4694861	4694861	SIRcenter1pca0.0005
5037968	5037968	SIRcenter1pca0.0005
3740756	3740756	SIRcenter1pca0.0005
3172741	3172741	SIRcenter1pca0.0005
3151631	3151631	SIRcenter1pca0.0005
2534815	2534815	SIRcenter1pca0.0005
4172928	4172928	SIRcenter1pca0.0005
5740216	5740216	SIRcenter1pca0.0005
1112007	1112007	SIRcenter1pca0.0005
1102506	1102506	SIRcenter1pca0.0005
4539533	4539533	SIRcenter1pca0.0005
1612023	1612023	SIRcenter1pca0.0005
1340696	1340696	SIRcenter1pca0.0005
5063670	5063670	SIRcenter1pca0.0005
5857468	5857468	SIRcenter1pca0.0005
3687221	3687221	SIRcenter1pca0.0005
4479043	4479043	SIRcenter1pca0.0005
3688267	3688267	SIRcenter1pca0.0005
1562527	1562527	SIRcenter1pca0.0005
5192543	5192543	SIRcenter1pca0.0005
5728428	5728428	SIRcenter1pca0.0005
5876114	5876114	SIRcenter1pca0.0005
1913000	1913000	SIRcenter1pca0.0005
1332237	1332237	SIRcenter1pca0.0005
2105244	2105244	SIRcenter1pca0.0005
2433561	2433561	SIRcenter1pca0.0005
2629324	2629324	SIRcenter1pca0.0005
2849555	2849555	SIRcenter1pca0.0005
2868498	2868498	SIRcenter1pca0.0005
1130370	1130370	SIRcenter1pca0.0005
1712020	1712020	SIRcenter1pca0.0005
4422441	4422441	SIRcenter1pca0.0005
5607651	5607651	SIRcenter1pca0.0005
5365268	5365268	SIRcenter1pca0.0005
5699566	5699566	SIRcenter1pca0.0005
3868793	3868793	SIRcenter1pca0.0005
2545571	2545571	SIRcenter1pca0.0005
5298678	5298678	SIRcenter1pca0.0005
1292606	1292606	SIRcenter1pca0.0005
4669628	4669628	SIRcenter1pca0.0005
4167561	4167561	SIRcenter1pca0.0005
4888583	4888583	SIRcenter1pca0.0005
3980039	3980039	SIRcenter1pca0.0005
2362185	2362185	SIRcenter1pca0.0005
2105244	2105244	SIRcenter1pca0.0005
1166838	1166838	SIRcenter1pca0.0005
1049756	1049756	SIRcenter1pca0.0005
4337681	4337681	SIRcenter1pca0.0005
4015233	4015233	SIRcenter1pca0.0005
3796610	3796610	SIRcenter1pca0.0005
1216278	1216278	SIRcenter1pca0.0005
4911887	4911887	SIRcenter1pca0.0005
4845398	4845398	SIRcenter1pca0.0005
3281343	3281343	SIRcenter1pca0.0005
5132304	5132304	SIRcenter1pca0.0005
4209264	4209264	SIRcenter1pca0.0005
2210174	2210174	SIRcenter1pca0.0005
1905442	1905442	SIRcenter1pca0.0005
5967812	5967812	SIRcenter1pca0.0005
1953856	1953856	SIRcenter1pca0.0005
3863525	3863525	SIRcenter1pca0.0005
2017293	2017293	SIRcenter1pca0.0005
2461902	2461902	SIRcenter1pca0.0005
5980734	5980734	SIRcenter1pca0.0005
5938113	5938113	SIRcenter1pca0.0005
3190492	3190492	SIRcenter1pca0.0005
3893385	3893385	SIRcenter1pca0.0005
1121315	1121315	SIRcenter1pca0.0005
2860954	2860954	SIRcenter1pca0.0005
3172227	3172227	SIRcenter1pca0.0005
5929933	5929933	SIRcenter1pca0.0005
1374814	1374814	SIRcenter1pca0.0005
4148323	4148323	SIRcenter1pca0.0005
5806907	5806907	SIRcenter1pca0.0005
4300802	4300802	SIRcenter1pca0.0005
1982312	1982312	SIRcenter1pca0.0005
3663916	3663916	SIRcenter1pca0.0005
2300786	2300786	SIRcenter1pca0.0005
1844104	1844104	SIRcenter1pca0.0005
3083393	3083393	SIRcenter1pca0.0005
5113017	5113017	SIRcenter1pca0.0005
1996225	1996225	SIRcenter1pca0.0005
4146341	4146341	SIRcenter1pca0.0005
5672208	5672208	SIRcenter1pca0.0005
5853421	5853421	SIRcenter1pca0.0005
4970747	4970747	SIRcenter1pca0.0005
5502932	5502932	SIRcenter1pca0.0005
5423130	5423130	SIRcenter1pca0.0005
5440818	5440818	SIRcenter1pca0.0005
5348501	5348501	SIRcenter1pca0.0005
1707025	1707025	SIRcenter1pca0.0005
5619284	5619284	SIRcenter1pca0.0005
1499597	1499597	SIRcenter1pca0.0005
2840475	2840475	SIRcenter1pca0.0005
3085228	3085228	SIRcenter1pca0.0005
1821951	1821951	SIRcenter1pca0.0005
1802457	1802457	SIRcenter1pca0.0005
2277700	2277700	SIRcenter1pca0.0005
5990995	5990995	SIRcenter1pca0.0005
1535894	1535894	SIRcenter1pca0.0005
1184866	1184866	SIRcenter1pca0.0005
5332263	5332263	SIRcenter1pca0.0005
1775108	1775108	SIRcenter1pca0.0005
3793712	3793712	SIRcenter1pca0.0005
3271722	3271722	SIRcenter1pca0.0005
3259685	3259685	SIRcenter1pca0.0005
1069496	1069496	SIRcenter1pca0.0005
4809189	4809189	SIRcenter1pca0.0005
3245690	3245690	SIRcenter1pca0.0005
3756924	3756924	SIRcenter1pca0.0005
1467893	1467893	SIRcenter1pca0.0005
3033802	3033802	SIRcenter1pca0.0005
2112763	2112763	SIRcenter1pca0.0005
5724665	5724665	SIRcenter1pca0.0005
6006278	6006278	SIRcenter1pca0.0005
1911752	1911752	SIRcenter1pca0.0005
5340793	5340793	SIRcenter1pca0.0005
2751855	2751855	SIRcenter1pca0.0005
4719626	4719626	SIRcenter1pca0.0005
1395101	1395101	SIRcenter1pca0.0005
4552357	4552357	SIRcenter1pca0.0005
3056671	3056671	SIRcenter1pca0.0005
2151417	2151417	SIRcenter1pca0.0005
5488560	5488560	SIRcenter1pca0.0005
3532053	3532053	SIRcenter1pca0.0005
4669586	4669586	SIRcenter1pca0.0005
2825765	2825765	SIRcenter1pca0.0005
3888865	3888865	SIRcenter1pca0.0005
5923225	5923225	SIRcenter1pca0.0005
2383929	2383929	SIRcenter1pca0.0005
5767220	5767220	SIRcenter1pca0.0005
4219403	4219403	SIRcenter1pca0.0005
4939561	4939561	SIRcenter1pca0.0005
3114977	3114977	SIRcenter1pca0.0005
3665849	3665849	SIRcenter1pca0.0005
5507810	5507810	SIRcenter1pca0.0005
5976303	5976303	SIRcenter1pca0.0005
5671996	5671996	SIRcenter1pca0.0005
5078101	5078101	SIRcenter1pca0.0005
3828448	3828448	SIRcenter1pca0.0005
3845800	3845800	SIRcenter1pca0.0005
4343043	4343043	SIRcenter1pca0.0005
3990489	3990489	SIRcenter1pca0.0005
5588789	5588789	SIRcenter1pca0.0005
5681595	5681595	SIRcenter1pca0.0005
5024751	5024751	SIRcenter1pca0.0005
5087644	5087644	SIRcenter1pca0.0005
5636101	5636101	SIRcenter1pca0.0005
1130523	1130523	SIRcenter1pca0.0005
1310190	1310190	SIRcenter1pca0.0005
2338241	2338241	SIRcenter1pca0.0005
3515280	3515280	SIRcenter1pca0.0005
5538130	5538130	SIRcenter1pca0.0005
2958907	2958907	SIRcenter1pca0.0005
5400057	5400057	SIRcenter1pca0.0005
1638022	1638022	SIRcenter1pca0.0005
5098016	5098016	SIRcenter1pca0.0005
5367632	5367632	SIRcenter1pca0.0005
5378962	5378962	SIRcenter1pca0.0005
2958020	2958020	SIRcenter1pca0.0005
4371133	4371133	SIRcenter1pca0.0005
5462327	5462327	SIRcenter1pca0.0005
4905220	4905220	SIRcenter1pca0.0005
5106894	5106894	SIRcenter1pca0.0005
4602650	4602650	SIRcenter1pca0.0005
2175684	2175684	SIRcenter1pca0.0005
5037968	5037968	SIRcenter1pca0.0005
3637197	3637197	SIRcenter1pca0.0005
4562520	4562520	SIRcenter1pca0.0005
3184344	3184344	SIRcenter1pca0.0005
1573201	1573201	SIRcenter1pca0.0005
1495236	1495236	SIRcenter1pca0.0005
5243889	5243889	SIRcenter1pca0.0005
2737073	2737073	SIRcenter1pca0.0005
1565201	1565201	SIRcenter1pca0.0005
2903024	2903024	SIRcenter1pca0.0005
1030356	1030356	SIRcenter1pca0.0005
2461009	2461009	SIRcenter1pca0.0005
5740677	5740677	SIRcenter1pca0.0005
2999837	2999837	SIRcenter1pca0.0005
5638901	5638901	SIRcenter1pca0.0005
5666549	5666549	SIRcenter1pca0.0005
1960672	1960672	SIRcenter1pca0.0005
1316760	1316760	SIRcenter1pca0.0005
5333033	5333033	SIRcenter1pca0.0005
1068753	1068753	SIRcenter1pca0.0005
5184385	5184385	SIRcenter1pca0.0005
5656854	5656854	SIRcenter1pca0.0005
3120801	3120801	SIRcenter1pca0.0005
4809334	4809334	SIRcenter1pca0.0005
3966410	3966410	SIRcenter1pca0.0005
3883498	3883498	SIRcenter1pca0.0005
2642820	2642820	SIRcenter1pca0.0005
3490250	3490250	SIRcenter1pca0.0005
4664816	4664816	SIRcenter1pca0.0005
4317597	4317597	SIRcenter1pca0.0005
3811517	3811517	SIRcenter1pca0.0005
4321710	4321710	SIRcenter1pca0.0005
1480731	1480731	SIRcenter1pca0.0005
3713644	3713644	SIRcenter1pca0.0005
4193930	4193930	SIRcenter1pca0.0005
2925693	2925693	SIRcenter1pca0.0005
5552328	5552328	SIRcenter1pca0.0005
3299537	3299537	SIRcenter1pca0.0005
2293748	2293748	SIRcenter1pca0.0005
5626446	5626446	SIRcenter1pca0.0005
4510894	4510894	SIRcenter1pca0.0005
1472531	1472531	SIRcenter1pca0.0005
5914577	5914577	SIRcenter1pca0.0005
2801522	2801522	SIRcenter1pca0.0005
1279867	1279867	SIRcenter1pca0.0005
5574809	5574809	SIRcenter1pca0.0005
3252350	3252350	SIRcenter1pca0.0005
5953895	5953895	SIRcenter1pca0.0005
5005809	5005809	SIRcenter1pca0.0005
2948677	2948677	SIRcenter1pca0.0005
5498795	5498795	SIRcenter1pca0.0005
5578329	5578329	SIRcenter1pca0.0005
4381116	4381116	SIRcenter1pca0.0005
5914235	5914235	SIRcenter1pca0.0005
4961977	4961977	SIRcenter1pca0.0005
3338008	3338008	SIRcenter1pca0.0005
3564899	3564899	SIRcenter1pca0.0005
2888853	2888853	SIRcenter1pca0.0005
5432008	5432008	SIRcenter1pca0.0005
2990569	2990569	SIRcenter1pca0.0005
3489608	3489608	SIRcenter1pca0.0005
4590116	4590116	SIRcenter1pca0.0005
4671041	4671041	SIRcenter1pca0.0005
4233918	4233918	SIRcenter1pca0.0005
4787593	4787593	SIRcenter1pca0.0005
3179828	3179828	SIRcenter1pca0.0005
3913713	3913713	SIRcenter1pca0.0005
3326322	3326322	SIRcenter1pca0.0005
1691805	1691805	SIRcenter1pca0.0005
3582346	3582346	SIRcenter1pca0.0005
1646286	1646286	SIRcenter1pca0.0005
1867664	1867664	SIRcenter1pca0.0005
4599118	4599118	SIRcenter1pca0.0005
2609937	2609937	SIRcenter1pca0.0005
3989155	3989155	SIRcenter1pca0.0005
5629617	5629617	SIRcenter1pca0.0005
3154584	3154584	SIRcenter1pca0.0005
1547303	1547303	SIRcenter1pca0.0005
1468976	1468976	SIRcenter1pca0.0005
5526211	5526211	SIRcenter1pca0.0005
2003184	2003184	SIRcenter1pca0.0005
5077099	5077099	SIRcenter1pca0.0005
3671900	3671900	SIRcenter1pca0.0005
1285723	1285723	SIRcenter1pca0.0005
1610530	1610530	SIRcenter1pca0.0005
1981830	1981830	SIRcenter1pca0.0005
4719626	4719626	SIRcenter1pca0.0005
3718197	3718197	SIRcenter1pca0.0005
2607585	2607585	SIRcenter1pca0.0005
4246315	4246315	SIRcenter1pca0.0005
5513625	5513625	SIRcenter1pca0.0005
5360299	5360299	SIRcenter1pca0.0005
5487642	5487642	SIRcenter1pca0.0005
1234704	1234704	SIRcenter1pca0.0005
1446296	1446296	SIRcenter1pca0.0005
5349063	5349063	SIRcenter1pca0.0005
2189320	2189320	SIRcenter1pca0.0005
4838092	4838092	SIRcenter1pca0.0005
4299151	4299151	SIRcenter1pca0.0005
5670118	5670118	SIRcenter1pca0.0005
2627367	2627367	SIRcenter1pca0.0005
1741799	1741799	SIRcenter1pca0.0005
5451205	5451205	SIRcenter1pca0.0005
5252152	5252152	SIRcenter1pca0.0005
4780346	4780346	SIRcenter1pca0.0005
4889184	4889184	SIRcenter1pca0.0005
3451617	3451617	SIRcenter1pca0.0005
1350152	1350152	SIRcenter1pca0.0005
3909147	3909147	SIRcenter1pca0.0005
2806304	2806304	SIRcenter1pca0.0005
2731903	2731903	SIRcenter1pca0.0005
5406074	5406074	SIRcenter1pca0.0005
5552997	5552997	SIRcenter1pca0.0005
5341855	5341855	SIRcenter1pca0.0005
2334208	2334208	SIRcenter1pca0.0005
3203871	3203871	SIRcenter1pca0.0005
4890076	4890076	SIRcenter1pca0.0005
1934998	1934998	SIRcenter1pca0.0005
1553381	1553381	SIRcenter1pca0.0005
2955503	2955503	SIRcenter1pca0.0005
4602152	4602152	SIRcenter1pca0.0005
5513573	5513573	SIRcenter1pca0.0005
2852433	2852433	SIRcenter1pca0.0005
2452461	2452461	SIRcenter1pca0.0005
2243342	2243342	SIRcenter1pca0.0005
2058909	2058909	SIRcenter1pca0.0005
2107163	2107163	SIRcenter1pca0.0005
3292303	3292303	SIRcenter1pca0.0005
3634683	3634683	SIRcenter1pca0.0005
2561397	2561397	SIRcenter1pca0.0005
5154050	5154050	SIRcenter1pca0.0005
5019696	5019696	SIRcenter1pca0.0005
1593927	1593927	SIRcenter1pca0.0005
2936738	2936738	SIRcenter1pca0.0005
2191150	2191150	SIRcenter1pca0.0005
1619689	1619689	SIRcenter1pca0.0005
3725032	3725032	SIRcenter1pca0.0005
5389659	5389659	SIRcenter1pca0.0005
1308799	1308799	SIRcenter1pca0.0005
4276668	4276668	SIRcenter1pca0.0005
3164559	3164559	SIRcenter1pca0.0005
3769738	3769738	SIRcenter1pca0.0005
2064576	2064576	SIRcenter1pca0.0005
2885851	2885851	SIRcenter1pca0.0005
5583475	5583475	SIRcenter1pca0.0005
4056335	4056335	SIRcenter1pca0.0005
1958928	1958928	SIRcenter1pca0.0005
5089368	5089368	SIRcenter1pca0.0005
3756818	3756818	SIRcenter1pca0.0005
2480608	2480608	SIRcenter1pca0.0005
2842225	2842225	SIRcenter1pca0.0005
2879687	2879687	SIRcenter1pca0.0005
1686537	1686537	SIRcenter1pca0.0005
4835741	4835741	SIRcenter1pca0.0005
1015961	1015961	SIRcenter1pca0.0005
3940108	3940108	SIRcenter1pca0.0005
1229652	1229652	SIRcenter1pca0.0005
5006195	5006195	SIRcenter1pca0.0005
4019601	4019601	SIRcenter1pca0.0005
2953728	2953728	SIRcenter1pca0.0005
5477453	5477453	SIRcenter1pca0.0005
2511682	2511682	SIRcenter1pca0.0005
3197601	3197601	SIRcenter1pca0.0005
5337714	5337714	SIRcenter1pca0.0005
2793448	2793448	SIRcenter1pca0.0005
1493741	1493741	SIRcenter1pca0.0005
4907447	4907447	SIRcenter1pca0.0005
2718662	2718662	SIRcenter1pca0.0005
5475873	5475873	SIRcenter1pca0.0005
4470909	4470909	SIRcenter1pca0.0005
2750929	2750929	SIRcenter1pca0.0005
4265494	4265494	SIRcenter1pca0.0005
4385538	4385538	SIRcenter1pca0.0005
4961746	4961746	SIRcenter1pca0.0005
2316539	2316539	SIRcenter1pca0.0005
4669586	4669586	SIRcenter1pca0.0005
2673461	2673461	SIRcenter1pca0.0005
2867424	2867424	SIRcenter1pca0.0005
2455197	2455197	SIRcenter1pca0.0005
4819458	4819458	SIRcenter1pca0.0005
1201542	1201542	SIRcenter1pca0.0005
2180579	2180579	SIRcenter1pca0.0005
4738701	4738701	SIRcenter1pca0.0005
1349808	1349808	SIRcenter1pca0.0005
4846198	4846198	SIRcenter1pca0.0005
3274653	3274653	SIRcenter1pca0.0005
2193137	2193137	SIRcenter1pca0.0005
4810286	4810286	SIRcenter1pca0.0005
3578794	3578794	SIRcenter1pca0.0005
4033857	4033857	SIRcenter1pca0.0005
5348768	5348768	SIRcenter1pca0.0005
1289690	1289690	SIRcenter1pca0.0005
5385622	5385622	SIRcenter1pca0.0005
2091375	2091375	SIRcenter1pca0.0005
3920250	3920250	SIRcenter1pca0.0005
1023532	1023532	SIRcenter1pca0.0005
4698115	4698115	SIRcenter1pca0.0005
3780073	3780073	SIRcenter1pca0.0005
3109812	3109812	SIRcenter1pca0.0005
5000336	5000336	SIRcenter1pca0.0005
3402936	3402936	SIRcenter1pca0.0005
2001745	2001745	SIRcenter1pca0.0005
3873211	3873211	SIRcenter1pca0.0005
5462316	5462316	SIRcenter1pca0.0005
1937954	1937954	SIRcenter1pca0.0005
5877560	5877560	SIRcenter1pca0.0005
2711916	2711916	SIRcenter1pca0.0005
1457321	1457321	SIRcenter1pca0.0005
2128282	2128282	SIRcenter1pca0.0005
3819295	3819295	SIRcenter1pca0.0005
3130996	3130996	SIRcenter1pca0.0005
1139564	1139564	SIRcenter1pca0.0005
2557587	2557587	SIRcenter1pca0.0005
4772529	4772529	SIRcenter1pca0.0005
5315679	5315679	SIRcenter1pca0.0005
2366329	2366329	SIRcenter1pca0.0005
3844966	3844966	SIRcenter1pca0.0005
3430113	3430113	SIRcenter1pca0.0005
3988162	3988162	SIRcenter1pca0.0005
2167833	2167833	SIRcenter1pca0.0005
5791844	5791844	SIRcenter1pca0.0005
2829568	2829568	SIRcenter1pca0.0005
5164932	5164932	SIRcenter1pca0.0005
1209563	1209563	SIRcenter1pca0.0005
5839474	5839474	SIRcenter1pca0.0005
5054504	5054504	SIRcenter1pca0.0005
3766409	3766409	SIRcenter1pca0.0005
5211173	5211173	SIRcenter1pca0.0005
1210662	1210662	SIRcenter1pca0.0005
1557376	1557376	SIRcenter1pca0.0005
5998086	5998086	SIRcenter1pca0.0005
5392869	5392869	SIRcenter1pca0.0005
5091395	5091395	SIRcenter1pca0.0005
4782439	4782439	SIRcenter1pca0.0005
3685530	3685530	SIRcenter1pca0.0005
4113882	4113882	SIRcenter1pca0.0005
4382250	4382250	SIRcenter1pca0.0005
5124813	5124813	SIRcenter1pca0.0005
2514276	2514276	SIRcenter1pca0.0005
3098998	3098998	SIRcenter1pca0.0005
1204140	1204140	SIRcenter1pca0.0005
4075256	4075256	SIRcenter1pca0.0005
1452199	1452199	SIRcenter1pca0.0005
2641758	2641758	SIRcenter1pca0.0005
3562306	3562306	SIRcenter1pca0.0005
5522406	5522406	SIRcenter1pca0.0005
3230035	3230035	SIRcenter1pca0.0005
4890941	4890941	SIRcenter1pca0.0005
4401470	4401470	SIRcenter1pca0.0005
5857939	5857939	SIRcenter1pca0.0005
2969899	2969899	SIRcenter1pca0.0005
1891799	1891799	SIRcenter1pca0.0005
4461655	4461655	SIRcenter1pca0.0005
5409403	5409403	SIRcenter1pca0.0005
5351889	5351889	SIRcenter1pca0.0005
1559976	1559976	SIRcenter1pca0.0005
1445057	1445057	SIRcenter1pca0.0005
2610260	2610260	SIRcenter1pca0.0005
4048535	4048535	SIRcenter1pca0.0005
3749953	3749953	SIRcenter1pca0.0005
2497555	2497555	SIRcenter1pca0.0005
5645129	5645129	SIRcenter1pca0.0005
1611912	1611912	SIRcenter1pca0.0005
2737266	2737266	SIRcenter1pca0.0005
1438700	1438700	SIRcenter1pca0.0005
4636076	4636076	SIRcenter1pca0.0005
3991110	3991110	SIRcenter1pca0.0005
1192309	1192309	SIRcenter1pca0.0005
5260108	5260108	SIRcenter1pca0.0005
3058202	3058202	SIRcenter1pca0.0005
3989148	3989148	SIRcenter1pca0.0005
3152188	3152188	SIRcenter1pca0.0005
1202713	1202713	SIRcenter1pca0.0005
2552280	2552280	SIRcenter1pca0.0005
4665924	4665924	SIRcenter1pca0.0005
5592416	5592416	SIRcenter1pca0.0005
5705800	5705800	SIRcenter1pca0.0005
3012230	3012230	SIRcenter1pca0.0005
3263161	3263161	SIRcenter1pca0.0005
5668941	5668941	SIRcenter1pca0.0005
1237449	1237449	SIRcenter1pca0.0005
3329681	3329681	SIRcenter1pca0.0005
4714511	4714511	SIRcenter1pca0.0005
2057130	2057130	SIRcenter1pca0.0005
5701698	5701698	SIRcenter1pca0.0005
4783292	4783292	SIRcenter1pca0.0005
3793712	3793712	SIRcenter1pca0.0005
2047274	2047274	SIRcenter1pca0.0005
5897561	5897561	SIRcenter1pca0.0005
4654643	4654643	SIRcenter1pca0.0005
3728518	3728518	SIRcenter1pca0.0005
4954400	4954400	SIRcenter1pca0.0005
5272209	5272209	SIRcenter1pca0.0005
2713022	2713022	SIRcenter1pca0.0005
4470853	4470853	SIRcenter1pca0.0005
5636251	5636251	SIRcenter1pca0.0005
5271110	5271110	SIRcenter1pca0.0005
2862479	2862479	SIRcenter1pca0.0005
1232375	1232375	SIRcenter1pca0.0005
4183920	4183920	SIRcenter1pca0.0005
1901881	1901881	SIRcenter1pca0.0005
3208377	3208377	SIRcenter1pca0.0005
1278193	1278193	SIRcenter1pca0.0005
1170547	1170547	SIRcenter1pca0.0005
2382827	2382827	SIRcenter1pca0.0005
3671900	3671900	SIRcenter1pca0.0005
4026508	4026508	SIRcenter1pca0.0005
5216895	5216895	SIRcenter1pca0.0005
3538180	3538180	SIRcenter1pca0.0005
5555257	5555257	SIRcenter1pca0.0005
5685419	5685419	SIRcenter1pca0.0005
2641648	2641648	SIRcenter1pca0.0005
3186729	3186729	SIRcenter1pca0.0005
2427332	2427332	SIRcenter1pca0.0005
1102032	1102032	SIRcenter1pca0.0005
2394145	2394145	SIRcenter1pca0.0005
2318571	2318571	SIRcenter1pca0.0005
3310605	3310605	SIRcenter1pca0.0005
1952990	1952990	SIRcenter1pca0.0005
1753248	1753248	SIRcenter1pca0.0005
2480608	2480608	SIRcenter1pca0.0005
2388310	2388310	SIRcenter1pca0.0005
5659546	5659546	SIRcenter1pca0.0005
4882946	4882946	SIRcenter1pca0.0005
2166861	2166861	SIRcenter1pca0.0005
5392783	5392783	SIRcenter1pca0.0005
4882981	4882981	SIRcenter1pca0.0005
4964197	4964197	SIRcenter1pca0.0005
1690142	1690142	SIRcenter1pca0.0005
3261946	3261946	SIRcenter1pca0.0005
1416237	1416237	SIRcenter1pca0.0005
4739599	4739599	SIRcenter1pca0.0005
4123842	4123842	SIRcenter1pca0.0005
1712802	1712802	SIRcenter1pca0.0005
4040291	4040291	SIRcenter1pca0.0005
1415967	1415967	SIRcenter1pca0.0005
1787762	1787762	SIRcenter1pca0.0005
5525150	5525150	SIRcenter1pca0.0005
3795477	3795477	SIRcenter1pca0.0005
1974457	1974457	SIRcenter1pca0.0005
1249467	1249467	SIRcenter1pca0.0005
1473334	1473334	SIRcenter1pca0.0005
3593543	3593543	SIRcenter1pca0.0005
4875743	4875743	SIRcenter1pca0.0005
1402542	1402542	SIRcenter1pca0.0005
3592849	3592849	SIRcenter1pca0.0005
1102102	1102102	SIRcenter1pca0.0005
4154596	4154596	SIRcenter1pca0.0005
2164423	2164423	SIRcenter1pca0.0005
5289446	5289446	SIRcenter1pca0.0005
3329681	3329681	SIRcenter1pca0.0005
2373890	2373890	SIRcenter1pca0.0005
4072149	4072149	SIRcenter1pca0.0005
2202402	2202402	SIRcenter1pca0.0005
3508672	3508672	SIRcenter1pca0.0005
4051719	4051719	SIRcenter1pca0.0005
2725564	2725564	SIRcenter1pca0.0005
1117782	1117782	SIRcenter1pca0.0005
1041939	1041939	SIRcenter1pca0.0005
5974870	5974870	SIRcenter1pca0.0005
4550096	4550096	SIRcenter1pca0.0005
5228845	5228845	SIRcenter1pca0.0005
2475269	2475269	SIRcenter1pca0.0005
5862859	5862859	SIRcenter1pca0.0005
1706558	1706558	SIRcenter1pca0.0005
5865169	5865169	SIRcenter1pca0.0005
5598314	5598314	SIRcenter1pca0.0005
5179237	5179237	SIRcenter1pca0.0005
5555714	5555714	SIRcenter1pca0.0005
3012900	3012900	SIRcenter1pca0.0005
2098797	2098797	SIRcenter1pca0.0005
4881540	4881540	SIRcenter1pca0.0005
5914235	5914235	SIRcenter1pca0.0005
3398633	3398633	SIRcenter1pca0.0005
4485844	4485844	SIRcenter1pca0.0005
1837824	1837824	SIRcenter1pca0.0005
5236752	5236752	SIRcenter1pca0.0005
3889485	3889485	SIRcenter1pca0.0005
4408446	4408446	SIRcenter1pca0.0005
4270709	4270709	SIRcenter1pca0.0005
3095644	3095644	SIRcenter1pca0.0005
3463069	3463069	SIRcenter1pca0.0005
5378783	5378783	SIRcenter1pca0.0005
2645311	2645311	SIRcenter1pca0.0005
3849714	3849714	SIRcenter1pca0.0005
5370963	5370963	SIRcenter1pca0.0005
2502275	2502275	SIRcenter1pca0.0005
1837151	1837151	SIRcenter1pca0.0005
2538410	2538410	SIRcenter1pca0.0005
3088994	3088994	SIRcenter1pca0.0005
1834231	1834231	SIRcenter1pca0.0005
5142216	5142216	SIRcenter1pca0.0005
3259020	3259020	SIRcenter1pca0.0005
1176684	1176684	SIRcenter1pca0.0005
3256170	3256170	SIRcenter1pca0.0005
2189314	2189314	SIRcenter1pca0.0005
2638801	2638801	SIRcenter1pca0.0005
3272136	3272136	SIRcenter1pca0.0005
1339506	1339506	SIRcenter1pca0.0005
2256941	2256941	SIRcenter1pca0.0005
4531484	4531484	SIRcenter1pca0.0005
5262356	5262356	SIRcenter1pca0.0005
1218855	1218855	SIRcenter1pca0.0005
2440327	2440327	SIRcenter1pca0.0005
4527350	4527350	SIRcenter1pca0.0005
1539502	1539502	SIRcenter1pca0.0005
5981118	5981118	SIRcenter1pca0.0005
3166386	3166386	SIRcenter1pca0.0005
2023039	2023039	SIRcenter1pca0.0005
5708308	5708308	SIRcenter1pca0.0005
3649261	3649261	SIRcenter1pca0.0005
1233357	1233357	SIRcenter1pca0.0005
2291235	2291235	SIRcenter1pca0.0005
4382647	4382647	SIRcenter1pca0.0005
3590703	3590703	SIRcenter1pca0.0005
3429839	3429839	SIRcenter1pca0.0005
2913582	2913582	SIRcenter1pca0.0005
1960406	1960406	SIRcenter1pca0.0005
1327663	1327663	SIRcenter1pca0.0005
3756987	3756987	SIRcenter1pca0.0005
3777111	3777111	SIRcenter1pca0.0005
3838934	3838934	SIRcenter1pca0.0005
2721615	2721615	SIRcenter1pca0.0005
3389691	3389691	SIRcenter1pca0.0005
5789734	5789734	SIRcenter1pca0.0005
5997291	5997291	SIRcenter1pca0.0005
4347827	4347827	SIRcenter1pca0.0005
5284093	5284093	SIRcenter1pca0.0005
3704500	3704500	SIRcenter1pca0.0005
3358619	3358619	SIRcenter1pca0.0005
5152963	5152963	SIRcenter1pca0.0005
3958389	3958389	SIRcenter1pca0.0005
3955733	3955733	SIRcenter1pca0.0005
1729476	1729476	SIRcenter1pca0.0005
3647219	3647219	SIRcenter1pca0.0005
3355112	3355112	SIRcenter1pca0.0005
4897320	4897320	SIRcenter1pca0.0005
4068768	4068768	SIRcenter1pca0.0005
2857616	2857616	SIRcenter1pca0.0005
5252917	5252917	SIRcenter1pca0.0005
5701698	5701698	SIRcenter1pca0.0005
1764509	1764509	SIRcenter1pca0.0005
5567758	5567758	SIRcenter1pca0.0005
4614144	4614144	SIRcenter1pca0.0005
2939666	2939666	SIRcenter1pca0.0005
4311859	4311859	SIRcenter1pca0.0005
4107463	4107463	SIRcenter1pca0.0005
5057266	5057266	SIRcenter1pca0.0005
5889098	5889098	SIRcenter1pca0.0005
5572683	5572683	SIRcenter1pca0.0005
3060711	3060711	SIRcenter1pca0.0005
1357360	1357360	SIRcenter1pca0.0005
1240247	1240247	SIRcenter1pca0.0005
5170288	5170288	SIRcenter1pca0.0005
3891289	3891289	SIRcenter1pca0.0005
1723458	1723458	SIRcenter1pca0.0005
3594317	3594317	SIRcenter1pca0.0005
3381320	3381320	SIRcenter1pca0.0005
4042892	4042892	SIRcenter1pca0.0005
3086710	3086710	SIRcenter1pca0.0005
3679039	3679039	SIRcenter1pca0.0005
4956727	4956727	SIRcenter1pca0.0005
1156147	1156147	SIRcenter1pca0.0005
1247023	1247023	SIRcenter1pca0.0005
3868157	3868157	SIRcenter1pca0.0005
4920900	4920900	SIRcenter1pca0.0005
4706167	4706167	SIRcenter1pca0.0005
1079692	1079692	SIRcenter1pca0.0005
1162995	1162995	SIRcenter1pca0.0005
4068987	4068987	SIRcenter1pca0.0005
2842661	2842661	SIRcenter1pca0.0005
4053179	4053179	SIRcenter1pca0.0005
2970250	2970250	SIRcenter1pca0.0005
1550124	1550124	SIRcenter1pca0.0005
3532135	3532135	SIRcenter1pca0.0005
1438874	1438874	SIRcenter1pca0.0005
2320790	2320790	SIRcenter1pca0.0005
4274208	4274208	SIRcenter1pca0.0005
1862518	1862518	SIRcenter1pca0.0005
5803617	5803617	SIRcenter1pca0.0005
4565449	4565449	SIRcenter1pca0.0005
2282513	2282513	SIRcenter1pca0.0005
2445119	2445119	SIRcenter1pca0.0005
1457267	1457267	SIRcenter1pca0.0005
5758691	5758691	SIRcenter1pca0.0005
5439998	5439998	SIRcenter1pca0.0005
4331034	4331034	SIRcenter1pca0.0005
2066023	2066023	SIRcenter1pca0.0005
4787868	4787868	SIRcenter1pca0.0005
5250780	5250780	SIRcenter1pca0.0005
4652328	4652328	SIRcenter1pca0.0005
2008712	2008712	SIRcenter1pca0.0005
6007410	6007410	SIRcenter1pca0.0005
3532053	3532053	SIRcenter1pca0.0005
2515916	2515916	SIRcenter1pca0.0005
4924207	4924207	SIRcenter1pca0.0005
1401933	1401933	SIRcenter1pca0.0005
1715376	1715376	SIRcenter1pca0.0005
2854058	2854058	SIRcenter1pca0.0005
2889133	2889133	SIRcenter1pca0.0005
2472902	2472902	SIRcenter1pca0.0005
5966104	5966104	SIRcenter1pca0.0005
5944992	5944992	SIRcenter1pca0.0005
1110378	1110378	SIRcenter1pca0.0005
3729960	3729960	SIRcenter1pca0.0005
1163786	1163786	SIRcenter1pca0.0005
4654216	4654216	SIRcenter1pca0.0005
4439085	4439085	SIRcenter1pca0.0005
4190385	4190385	SIRcenter1pca0.0005
1489043	1489043	SIRcenter1pca0.0005
5113017	5113017	SIRcenter1pca0.0005
4177278	4177278	SIRcenter1pca0.0005
4755987	4755987	SIRcenter1pca0.0005
3327141	3327141	SIRcenter1pca0.0005
1853012	1853012	SIRcenter1pca0.0005
1351119	1351119	SIRcenter1pca0.0005
4786293	4786293	SIRcenter1pca0.0005
2442073	2442073	SIRcenter1pca0.0005
4611710	4611710	SIRcenter1pca0.0005
4215547	4215547	SIRcenter1pca0.0005
3796492	3796492	SIRcenter1pca0.0005
2887887	2887887	SIRcenter1pca0.0005
3862130	3862130	SIRcenter1pca0.0005
4902012	4902012	SIRcenter1pca0.0005
5677724	5677724	SIRcenter1pca0.0005
4829628	4829628	SIRcenter1pca0.0005
1203326	1203326	SIRcenter1pca0.0005
5068834	5068834	SIRcenter1pca0.0005
3523312	3523312	SIRcenter1pca0.0005
5330250	5330250	SIRcenter1pca0.0005
4214067	4214067	SIRcenter1pca0.0005
3164116	3164116	SIRcenter1pca0.0005
1130523	1130523	SIRcenter1pca0.0005
5901448	5901448	SIRcenter1pca0.0005
5399374	5399374	SIRcenter1pca0.0005
5934739	5934739	SIRcenter1pca0.0005
1485927	1485927	SIRcenter1pca0.0005
2923928	2923928	SIRcenter1pca0.0005
1557221	1557221	SIRcenter1pca0.0005
4706958	4706958	SIRcenter1pca0.0005
1561310	1561310	SIRcenter1pca0.0005
1349808	1349808	SIRcenter1pca0.0005
4877061	4877061	SIRcenter1pca0.0005
5065635	5065635	SIRcenter1pca0.0005
4442808	4442808	SIRcenter1pca0.0005
5530532	5530532	SIRcenter1pca0.0005
1017746	1017746	SIRcenter1pca0.0005
4223899	4223899	SIRcenter1pca0.0005
1550679	1550679	SIRcenter1pca0.0005
2254297	2254297	SIRcenter1pca0.0005
4930955	4930955	SIRcenter1pca0.0005
4577226	4577226	SIRcenter1pca0.0005
1149322	1149322	SIRcenter1pca0.0005
4622131	4622131	SIRcenter1pca0.0005
2050776	2050776	SIRcenter1pca0.0005
3703810	3703810	SIRcenter1pca0.0005
5318144	5318144	SIRcenter1pca0.0005
4783435	4783435	SIRcenter1pca0.0005
2763394	2763394	SIRcenter1pca0.0005
2710498	2710498	SIRcenter1pca0.0005
4621249	4621249	SIRcenter1pca0.0005
4582945	4582945	SIRcenter1pca0.0005
5786499	5786499	SIRcenter1pca0.0005
4138463	4138463	SIRcenter1pca0.0005
1881149	1881149	SIRcenter1pca0.0005
3061676	3061676	SIRcenter1pca0.0005
5945263	5945263	SIRcenter1pca0.0005
4421051	4421051	SIRcenter1pca0.0005
4650775	4650775	SIRcenter1pca0.0005
2844019	2844019	SIRcenter1pca0.0005
5888738	5888738	SIRcenter1pca0.0005
2739053	2739053	SIRcenter1pca0.0005
2705452	2705452	SIRcenter1pca0.0005
1428675	1428675	SIRcenter1pca0.0005
3542072	3542072	SIRcenter1pca0.0005
4722790	4722790	SIRcenter1pca0.0005
3694076	3694076	SIRcenter1pca0.0005
1162680	1162680	SIRcenter1pca0.0005
3414452	3414452	SIRcenter1pca0.0005
4797729	4797729	SIRcenter1pca0.0005
5545633	5545633	SIRcenter1pca0.0005
4051719	4051719	SIRcenter1pca0.0005
4757471	4757471	SIRcenter1pca0.0005
2458216	2458216	SIRcenter1pca0.0005
4654176	4654176	SIRcenter1pca0.0005
3087136	3087136	SIRcenter1pca0.0005
5019187	5019187	SIRcenter1pca0.0005
3546366	3546366	SIRcenter1pca0.0005
1453667	1453667	SIRcenter1pca0.0005
5114849	5114849	SIRcenter1pca0.0005
3825604	3825604	SIRcenter1pca0.0005
3841716	3841716	SIRcenter1pca0.0005
3597584	3597584	SIRcenter1pca0.0005
1832608	1832608	SIRcenter1pca0.0005
3989155	3989155	SIRcenter1pca0.0005
3718446	3718446	SIRcenter1pca0.0005
3356465	3356465	SIRcenter1pca0.0005
2061353	2061353	SIRcenter1pca0.0005
2681103	2681103	SIRcenter1pca0.0005
4371133	4371133	SIRcenter1pca0.0005
1495415	1495415	SIRcenter1pca0.0005
4214732	4214732	SIRcenter1pca0.0005
1366137	1366137	SIRcenter1pca0.0005
3370735	3370735	SIRcenter1pca0.0005
2854315	2854315	SIRcenter1pca0.0005
3504320	3504320	SIRcenter1pca0.0005
5802030	5802030	SIRcenter1pca0.0005
5509133	5509133	SIRcenter1pca0.0005
3563615	3563615	SIRcenter1pca0.0005
4241020	4241020	SIRcenter1pca0.0005
1040388	1040388	SIRcenter1pca0.0005
1397596	1397596	SIRcenter1pca0.0005
1114986	1114986	SIRcenter1pca0.0005
1990352	1990352	SIRcenter1pca0.0005
5517585	5517585	SIRcenter1pca0.0005
2887267	2887267	SIRcenter1pca0.0005
4084362	4084362	SIRcenter1pca0.0005
5311860	5311860	SIRcenter1pca0.0005
5540347	5540347	SIRcenter1pca0.0005
4963905	4963905	SIRcenter1pca0.0005
5035444	5035444	SIRcenter1pca0.0005
1076182	1076182	SIRcenter1pca0.0005
3843510	3843510	SIRcenter1pca0.0005
2264447	2264447	SIRcenter1pca0.0005
3663916	3663916	SIRcenter1pca0.0005
3688321	3688321	SIRcenter1pca0.0005
3909966	3909966	SIRcenter1pca0.0005
1299494	1299494	SIRcenter1pca0.0005
4261751	4261751	SIRcenter1pca0.0005
5799333	5799333	SIRcenter1pca0.0005
1117110	1117110	SIRcenter1pca0.0005
1299551	1299551	SIRcenter1pca0.0005
3437452	3437452	SIRcenter1pca0.0005
1852412	1852412	SIRcenter1pca0.0005
4715397	4715397	SIRcenter1pca0.0005
2677085	2677085	SIRcenter1pca0.0005
5366240	5366240	SIRcenter1pca0.0005
4632314	4632314	SIRcenter1pca0.0005
5355879	5355879	SIRcenter1pca0.0005
4396956	4396956	SIRcenter1pca0.0005
3724515	3724515	SIRcenter1pca0.0005
5581942	5581942	SIRcenter1pca0.0005
4817581	4817581	SIRcenter1pca0.0005
3197121	3197121	SIRcenter1pca0.0005
1001789	1001789	SIRcenter1pca0.0005
3367827	3367827	SIRcenter1pca0.0005
5867343	5867343	SIRcenter1pca0.0005
1301460	1301460	SIRcenter1pca0.0005
2161805	2161805	SIRcenter1pca0.0005
1079870	1079870	SIRcenter1pca0.0005
2780358	2780358	SIRcenter1pca0.0005
1000164	1000164	SIRcenter1pca0.0005
2843578	2843578	SIRcenter1pca0.0005
1475131	1475131	SIRcenter1pca0.0005
5051727	5051727	SIRcenter1pca0.0005
3144056	3144056	SIRcenter1pca0.0005
1896352	1896352	SIRcenter1pca0.0005
4596279	4596279	SIRcenter1pca0.0005
2972515	2972515	SIRcenter1pca0.0005
4668409	4668409	SIRcenter1pca0.0005
3120518	3120518	SIRcenter1pca0.0005
4586563	4586563	SIRcenter1pca0.0005
3687221	3687221	SIRcenter1pca0.0005
5257000	5257000	SIRcenter1pca0.0005
2003093	2003093	SIRcenter1pca0.0005
3012180	3012180	SIRcenter1pca0.0005
3771981	3771981	SIRcenter1pca0.0005
1523964	1523964	SIRcenter1pca0.0005
5707606	5707606	SIRcenter1pca0.0005
1934998	1934998	SIRcenter1pca0.0005
4352824	4352824	SIRcenter1pca0.0005
3401537	3401537	SIRcenter1pca0.0005
3029273	3029273	SIRcenter1pca0.0005
4982196	4982196	SIRcenter1pca0.0005
1084927	1084927	SIRcenter1pca0.0005
1478667	1478667	SIRcenter1pca0.0005
4453767	4453767	SIRcenter1pca0.0005
4684333	4684333	SIRcenter1pca0.0005
3937367	3937367	SIRcenter1pca0.0005
4951263	4951263	SIRcenter1pca0.0005
1823800	1823800	SIRcenter1pca0.0005
1809597	1809597	SIRcenter1pca0.0005
3379645	3379645	SIRcenter1pca0.0005
5148221	5148221	SIRcenter1pca0.0005
1049571	1049571	SIRcenter1pca0.0005
5048137	5048137	SIRcenter1pca0.0005
3332911	3332911	SIRcenter1pca0.0005
4778872	4778872	SIRcenter1pca0.0005
1748865	1748865	SIRcenter1pca0.0005
5602883	5602883	SIRcenter1pca0.0005
3737926	3737926	SIRcenter1pca0.0005
3419769	3419769	SIRcenter1pca0.0005
2720507	2720507	SIRcenter1pca0.0005
3239484	3239484	SIRcenter1pca0.0005
5567758	5567758	SIRcenter1pca0.0005
3863400	3863400	SIRcenter1pca0.0005
4694992	4694992	SIRcenter1pca0.0005
1492462	1492462	SIRcenter1pca0.0005
5292320	5292320	SIRcenter1pca0.0005
5806445	5806445	SIRcenter1pca0.0005
1064169	1064169	SIRcenter1pca0.0005
4827327	4827327	SIRcenter1pca0.0005
3762532	3762532	SIRcenter1pca0.0005
5765953	5765953	SIRcenter1pca0.0005
4961617	4961617	SIRcenter1pca0.0005
4346194	4346194	SIRcenter1pca0.0005
5789081	5789081	SIRcenter1pca0.0005
2622930	2622930	SIRcenter1pca0.0005
2309352	2309352	SIRcenter1pca0.0005
6016531	6016531	SIRcenter1pca0.0005
4931380	4931380	SIRcenter1pca0.0005
4474343	4474343	SIRcenter1pca0.0005
4880995	4880995	SIRcenter1pca0.0005
1272591	1272591	SIRcenter1pca0.0005
1073265	1073265	SIRcenter1pca0.0005
1059965	1059965	SIRcenter1pca0.0005
4772529	4772529	SIRcenter1pca0.0005
1764190	1764190	SIRcenter1pca0.0005
1954857	1954857	SIRcenter1pca0.0005
3252654	3252654	SIRcenter1pca0.0005
4757327	4757327	SIRcenter1pca0.0005
3596101	3596101	SIRcenter1pca0.0005
5644106	5644106	SIRcenter1pca0.0005
3526794	3526794	SIRcenter1pca0.0005
5952655	5952655	SIRcenter1pca0.0005
3726755	3726755	SIRcenter1pca0.0005
5316288	5316288	SIRcenter1pca0.0005
1158817	1158817	SIRcenter1pca0.0005
4632553	4632553	SIRcenter1pca0.0005
2930190	2930190	SIRcenter1pca0.0005
6007410	6007410	SIRcenter1pca0.0005
4686713	4686713	SIRcenter1pca0.0005
3514246	3514246	SIRcenter1pca0.0005
2962859	2962859	SIRcenter1pca0.0005
5304490	5304490	SIRcenter1pca0.0005
5383727	5383727	SIRcenter1pca0.0005
1834231	1834231	SIRcenter1pca0.0005
4095244	4095244	SIRcenter1pca0.0005
3900971	3900971	SIRcenter1pca0.0005
3356045	3356045	SIRcenter1pca0.0005
5292320	5292320	SIRcenter1pca0.0005
2546949	2546949	SIRcenter1pca0.0005
2604546	2604546	SIRcenter1pca0.0005
2782299	2782299	SIRcenter1pca0.0005
1593150	1593150	SIRcenter1pca0.0005
2328425	2328425	SIRcenter1pca0.0005
5902711	5902711	SIRcenter1pca0.0005
5394074	5394074	SIRcenter1pca0.0005
5320882	5320882	SIRcenter1pca0.0005
3946268	3946268	SIRcenter1pca0.0005
3715029	3715029	SIRcenter1pca0.0005
3144060	3144060	SIRcenter1pca0.0005
4947763	4947763	SIRcenter1pca0.0005
1196057	1196057	SIRcenter1pca0.0005
1049234	1049234	SIRcenter1pca0.0005
3307247	3307247	SIRcenter1pca0.0005
3638423	3638423	SIRcenter1pca0.0005
3557706	3557706	SIRcenter1pca0.0005
1209620	1209620	SIRcenter1pca0.0005
2436950	2436950	SIRcenter1pca0.0005
4371518	4371518	SIRcenter1pca0.0005
4532033	4532033	SIRcenter1pca0.0005
2073606	2073606	SIRcenter1pca0.0005
4791436	4791436	SIRcenter1pca0.0005
1151134	1151134	SIRcenter1pca0.0005
3463449	3463449	SIRcenter1pca0.0005
3561768	3561768	SIRcenter1pca0.0005
1085719	1085719	SIRcenter1pca0.0005
5269887	5269887	SIRcenter1pca0.0005
4291852	4291852	SIRcenter1pca0.0005
5805934	5805934	SIRcenter1pca0.0005
3152188	3152188	SIRcenter1pca0.0005
4247220	4247220	SIRcenter1pca0.0005
5495218	5495218	SIRcenter1pca0.0005
1419530	1419530	SIRcenter1pca0.0005
4431777	4431777	SIRcenter1pca0.0005
2333164	2333164	SIRcenter1pca0.0005
3102385	3102385	SIRcenter1pca0.0005
5102111	5102111	SIRcenter1pca0.0005
5629617	5629617	SIRcenter1pca0.0005
2787101	2787101	SIRcenter1pca0.0005
5580991	5580991	SIRcenter1pca0.0005
4130290	4130290	SIRcenter1pca0.0005
1056631	1056631	SIRcenter1pca0.0005
5311860	5311860	SIRcenter1pca0.0005
3782964	3782964	SIRcenter1pca0.0005
5844428	5844428	SIRcenter1pca0.0005
3000457	3000457	SIRcenter1pca0.0005
3389290	3389290	SIRcenter1pca0.0005
1139564	1139564	SIRcenter1pca0.0005
2236338	2236338	SIRcenter1pca0.0005
3277992	3277992	SIRcenter1pca0.0005
1630688	1630688	SIRcenter1pca0.0005
4944117	4944117	SIRcenter1pca0.0005
3561730	3561730	SIRcenter1pca0.0005
4315724	4315724	SIRcenter1pca0.0005
5928361	5928361	SIRcenter1pca0.0005
1582580	1582580	SIRcenter1pca0.0005
5904083	5904083	SIRcenter1pca0.0005
4217827	4217827	SIRcenter1pca0.0005
3313355	3313355	SIRcenter1pca0.0005
5591187	5591187	SIRcenter1pca0.0005
3688891	3688891	SIRcenter1pca0.0005
4931380	4931380	SIRcenter1pca0.0005
3806518	3806518	SIRcenter1pca0.0005
1961571	1961571	SIRcenter1pca0.0005
1858162	1858162	SIRcenter1pca0.0005
4105732	4105732	SIRcenter1pca0.0005
5656890	5656890	SIRcenter1pca0.0005
6016256	6016256	SIRcenter1pca0.0005
5560238	5560238	SIRcenter1pca0.0005
5227033	5227033	SIRcenter1pca0.0005
5123378	5123378	SIRcenter1pca0.0005
5848378	5848378	SIRcenter1pca0.0005
1534865	1534865	SIRcenter1pca0.0005
5091912	5091912	SIRcenter1pca0.0005
3781096	3781096	SIRcenter1pca0.0005
5737201	5737201	SIRcenter1pca0.0005
2928717	2928717	SIRcenter1pca0.0005
3276833	3276833	SIRcenter1pca0.0005
5373319	5373319	SIRcenter1pca0.0005
2966332	2966332	SIRcenter1pca0.0005
5045258	5045258	SIRcenter1pca0.0005
2203522	2203522	SIRcenter1pca0.0005
2483389	2483389	SIRcenter1pca0.0005
2499618	2499618	SIRcenter1pca0.0005
4420419	4420419	SIRcenter1pca0.0005
3261907	3261907	SIRcenter1pca0.0005
4004983	4004983	SIRcenter1pca0.0005
5128315	5128315	SIRcenter1pca0.0005
1487098	1487098	SIRcenter1pca0.0005
1780374	1780374	SIRcenter1pca0.0005
3717365	3717365	SIRcenter1pca0.0005
2622930	2622930	SIRcenter1pca0.0005
5667167	5667167	SIRcenter1pca0.0005
3316527	3316527	SIRcenter1pca0.0005
4300802	4300802	SIRcenter1pca0.0005
3090749	3090749	SIRcenter1pca0.0005
5953575	5953575	SIRcenter1pca0.0005
2316196	2316196	SIRcenter1pca0.0005
1398253	1398253	SIRcenter1pca0.0005
2265547	2265547	SIRcenter1pca0.0005
3065251	3065251	SIRcenter1pca0.0005
2061562	2061562	SIRcenter1pca0.0005
5302782	5302782	SIRcenter1pca0.0005
1445057	1445057	SIRcenter1pca0.0005
1119487	1119487	SIRcenter1pca0.0005
2095450	2095450	SIRcenter1pca0.0005
3342655	3342655	SIRcenter1pca0.0005
5648891	5648891	SIRcenter1pca0.0005
4170120	4170120	SIRcenter1pca0.0005
1223234	1223234	SIRcenter1pca0.0005
5681450	5681450	SIRcenter1pca0.0005
4616651	4616651	SIRcenter1pca0.0005
3822932	3822932	SIRcenter1pca0.0005
5865849	5865849	SIRcenter1pca0.0005
5188755	5188755	SIRcenter1pca0.0005
3226204	3226204	SIRcenter1pca0.0005
4259896	4259896	SIRcenter1pca0.0005
3050274	3050274	SIRcenter1pca0.0005
4472384	4472384	SIRcenter1pca0.0005
2467778	2467778	SIRcenter1pca0.0005
4387791	4387791	SIRcenter1pca0.0005
1614843	1614843	SIRcenter1pca0.0005
5552997	5552997	SIRcenter1pca0.0005
4569802	4569802	SIRcenter1pca0.0005
1515852	1515852	SIRcenter1pca0.0005
3606766	3606766	SIRcenter1pca0.0005
2889024	2889024	SIRcenter1pca0.0005
4385843	4385843	SIRcenter1pca0.0005
2459984	2459984	SIRcenter1pca0.0005
3957115	3957115	SIRcenter1pca0.0005
3874295	3874295	SIRcenter1pca0.0005
5749779	5749779	SIRcenter1pca0.0005
3079493	3079493	SIRcenter1pca0.0005
1664974	1664974	SIRcenter1pca0.0005
4428373	4428373	SIRcenter1pca0.0005
5128872	5128872	SIRcenter1pca0.0005
1447024	1447024	SIRcenter1pca0.0005
1653678	1653678	SIRcenter1pca0.0005
2288685	2288685	SIRcenter1pca0.0005
4813737	4813737	SIRcenter1pca0.0005
1948974	1948974	SIRcenter1pca0.0005
3388575	3388575	SIRcenter1pca0.0005
5727504	5727504	SIRcenter1pca0.0005
4510296	4510296	SIRcenter1pca0.0005
1737879	1737879	SIRcenter1pca0.0005
3816622	3816622	SIRcenter1pca0.0005
4586563	4586563	SIRcenter1pca0.0005
4984681	4984681	SIRcenter1pca0.0005
3794596	3794596	SIRcenter1pca0.0005
1374814	1374814	SIRcenter1pca0.0005
3155123	3155123	SIRcenter1pca0.0005
3781989	3781989	SIRcenter1pca0.0005
5658867	5658867	SIRcenter1pca0.0005
4861892	4861892	SIRcenter1pca0.0005
1504408	1504408	SIRcenter1pca0.0005
5012872	5012872	SIRcenter1pca0.0005
5577187	5577187	SIRcenter1pca0.0005
1569535	1569535	SIRcenter1pca0.0005
1653678	1653678	SIRcenter1pca0.0005
3202902	3202902	SIRcenter1pca0.0005
4923183	4923183	SIRcenter1pca0.0005
5057266	5057266	SIRcenter1pca0.0005
4561853	4561853	SIRcenter1pca0.0005
1063872	1063872	SIRcenter1pca0.0005
4892334	4892334	SIRcenter1pca0.0005
1880515	1880515	SIRcenter1pca0.0005
2226993	2226993	SIRcenter1pca0.0005
1607046	1607046	SIRcenter1pca0.0005
1740274	1740274	SIRcenter1pca0.0005
5016516	5016516	SIRcenter1pca0.0005
1980285	1980285	SIRcenter1pca0.0005
4227628	4227628	SIRcenter1pca0.0005
3010660	3010660	SIRcenter1pca0.0005
2107765	2107765	SIRcenter1pca0.0005
4789294	4789294	SIRcenter1pca0.0005
4983715	4983715	SIRcenter1pca0.0005
4464560	4464560	SIRcenter1pca0.0005
5788637	5788637	SIRcenter1pca0.0005
1544228	1544228	SIRcenter1pca0.0005
3983808	3983808	SIRcenter1pca0.0005
3819753	3819753	SIRcenter1pca0.0005
4721794	4721794	SIRcenter1pca0.0005
3310795	3310795	SIRcenter1pca0.0005
3873370	3873370	SIRcenter1pca0.0005
1614135	1614135	SIRcenter1pca0.0005
4817581	4817581	SIRcenter1pca0.0005
4773145	4773145	SIRcenter1pca0.0005
2792693	2792693	SIRcenter1pca0.0005
1688693	1688693	SIRcenter1pca0.0005
1195805	1195805	SIRcenter1pca0.0005
5137963	5137963	SIRcenter1pca0.0005
1165889	1165889	SIRcenter1pca0.0005
4797608	4797608	SIRcenter1pca0.0005
1895698	1895698	SIRcenter1pca0.0005
2818763	2818763	SIRcenter1pca0.0005
3163593	3163593	SIRcenter1pca0.0005
5080276	5080276	SIRcenter1pca0.0005
4551808	4551808	SIRcenter1pca0.0005
1165530	1165530	SIRcenter1pca0.0005
5356785	5356785	SIRcenter1pca0.0005
2236631	2236631	SIRcenter1pca0.0005
4859694	4859694	SIRcenter1pca0.0005
1072745	1072745	SIRcenter1pca0.0005
3337056	3337056	SIRcenter1pca0.0005
1563576	1563576	SIRcenter1pca0.0005
1688312	1688312	SIRcenter1pca0.0005
4905220	4905220	SIRcenter1pca0.0005
5901239	5901239	SIRcenter1pca0.0005
1990704	1990704	SIRcenter1pca0.0005
5059204	5059204	SIRcenter1pca0.0005
5262311	5262311	SIRcenter1pca0.0005
4079679	4079679	SIRcenter1pca0.0005
3795477	3795477	SIRcenter1pca0.0005
3342118	3342118	SIRcenter1pca0.0005
2631417	2631417	SIRcenter1pca0.0005
2838741	2838741	SIRcenter1pca0.0005
1732617	1732617	SIRcenter1pca0.0005
2681963	2681963	SIRcenter1pca0.0005
4167849	4167849	SIRcenter1pca0.0005
4872273	4872273	SIRcenter1pca0.0005
4401470	4401470	SIRcenter1pca0.0005
2388310	2388310	SIRcenter1pca0.0005
2713170	2713170	SIRcenter1pca0.0005
4276178	4276178	SIRcenter1pca0.0005
4911872	4911872	SIRcenter1pca0.0005
3808090	3808090	SIRcenter1pca0.0005
5599411	5599411	SIRcenter1pca0.0005
5296281	5296281	SIRcenter1pca0.0005
5162239	5162239	SIRcenter1pca0.0005
5135520	5135520	SIRcenter1pca0.0005
5521694	5521694	SIRcenter1pca0.0005
4289921	4289921	SIRcenter1pca0.0005
3847829	3847829	SIRcenter1pca0.0005
1712172	1712172	SIRcenter1pca0.0005
5963503	5963503	SIRcenter1pca0.0005
4788106	4788106	SIRcenter1pca0.0005
4764898	4764898	SIRcenter1pca0.0005
4782826	4782826	SIRcenter1pca0.0005
3380245	3380245	SIRcenter1pca0.0005
3029273	3029273	SIRcenter1pca0.0005
3637300	3637300	SIRcenter1pca0.0005
1386301	1386301	SIRcenter1pca0.0005
2371543	2371543	SIRcenter1pca0.0005
4044303	4044303	SIRcenter1pca0.0005
1787403	1787403	SIRcenter1pca0.0005
3509467	3509467	SIRcenter1pca0.0005
4997436	4997436	SIRcenter1pca0.0005
3114364	3114364	SIRcenter1pca0.0005
2551294	2551294	SIRcenter1pca0.0005
1367865	1367865	SIRcenter1pca0.0005
4931132	4931132	SIRcenter1pca0.0005
4178460	4178460	SIRcenter1pca0.0005
2324445	2324445	SIRcenter1pca0.0005
5306152	5306152	SIRcenter1pca0.0005
4006387	4006387	SIRcenter1pca0.0005
3880950	3880950	SIRcenter1pca0.0005
4819458	4819458	SIRcenter1pca0.0005
5597896	5597896	SIRcenter1pca0.0005
5155277	5155277	SIRcenter1pca0.0005
3078824	3078824	SIRcenter1pca0.0005
2077773	2077773	SIRcenter1pca0.0005
5154730	5154730	SIRcenter1pca0.0005
5451325	5451325	SIRcenter1pca0.0005
3691706	3691706	SIRcenter1pca0.0005
3566970	3566970	SIRcenter1pca0.0005
2166959	2166959	SIRcenter1pca0.0005
1805502	1805502	SIRcenter1pca0.0005
5230768	5230768	SIRcenter1pca0.0005
3413061	3413061	SIRcenter1pca0.0005
2876181	2876181	SIRcenter1pca0.0005
4966958	4966958	SIRcenter1pca0.0005
1135358	1135358	SIRcenter1pca0.0005
3036072	3036072	SIRcenter1pca0.0005
5938307	5938307	SIRcenter1pca0.0005
5504303	5504303	SIRcenter1pca0.0005
4868817	4868817	SIRcenter1pca0.0005
1324525	1324525	SIRcenter1pca0.0005
2690399	2690399	SIRcenter1pca0.0005
4721500	4721500	SIRcenter1pca0.0005
1613819	1613819	SIRcenter1pca0.0005
3493298	3493298	SIRcenter1pca0.0005
1160006	1160006	SIRcenter1pca0.0005
1386723	1386723	SIRcenter1pca0.0005
1398990	1398990	SIRcenter1pca0.0005
3766409	3766409	SIRcenter1pca0.0005
5317017	5317017	SIRcenter1pca0.0005
3553631	3553631	SIRcenter1pca0.0005
3653450	3653450	SIRcenter1pca0.0005
2164423	2164423	SIRcenter1pca0.0005
2124597	2124597	SIRcenter1pca0.0005
4697698	4697698	SIRcenter1pca0.0005
3160189	3160189	SIRcenter1pca0.0005
1219877	1219877	SIRcenter1pca0.0005
2476076	2476076	SIRcenter1pca0.0005
5186102	5186102	SIRcenter1pca0.0005
3831451	3831451	SIRcenter1pca0.0005
1972453	1972453	SIRcenter1pca0.0005
4232223	4232223	SIRcenter1pca0.0005
4531484	4531484	SIRcenter1pca0.0005
5418280	5418280	SIRcenter1pca0.0005
4346194	4346194	SIRcenter1pca0.0005
1401323	1401323	SIRcenter1pca0.0005
3363804	3363804	SIRcenter1pca0.0005
5353441	5353441	SIRcenter1pca0.0005
4743087	4743087	SIRcenter1pca0.0005
3103896	3103896	SIRcenter1pca0.0005
3103454	3103454	SIRcenter1pca0.0005
3165755	3165755	SIRcenter1pca0.0005
1953912	1953912	SIRcenter1pca0.0005
2388602	2388602	SIRcenter1pca0.0005
5554865	5554865	SIRcenter1pca0.0005
1282169	1282169	SIRcenter1pca0.0005
1389226	1389226	SIRcenter1pca0.0005
3006319	3006319	SIRcenter1pca0.0005
5976509	5976509	SIRcenter1pca0.0005
3822865	3822865	SIRcenter1pca0.0005
2958907	2958907	SIRcenter1pca0.0005
5382318	5382318	SIRcenter1pca0.0005
2725902	2725902	SIRcenter1pca0.0005
5397847	5397847	SIRcenter1pca0.0005
2138542	2138542	SIRcenter1pca0.0005
3937688	3937688	SIRcenter1pca0.0005
5015192	5015192	SIRcenter1pca0.0005
1173224	1173224	SIRcenter1pca0.0005
1989152	1989152	SIRcenter1pca0.0005
4019769	4019769	SIRcenter1pca0.0005
4737747	4737747	SIRcenter1pca0.0005
4651149	4651149	SIRcenter1pca0.0005
3366108	3366108	SIRcenter1pca0.0005
1648292	1648292	SIRcenter1pca0.0005
5344284	5344284	SIRcenter1pca0.0005
1383405	1383405	SIRcenter1pca0.0005
1238445	1238445	SIRcenter1pca0.0005
2842225	2842225	SIRcenter1pca0.0005
1708629	1708629	SIRcenter1pca0.0005
4567871	4567871	SIRcenter1pca0.0005
2850294	2850294	SIRcenter1pca0.0005
1171320	1171320	SIRcenter1pca0.0005
3321834	3321834	SIRcenter1pca0.0005
3887543	3887543	SIRcenter1pca0.0005
3716499	3716499	SIRcenter1pca0.0005
5743039	5743039	SIRcenter1pca0.0005
5442044	5442044	SIRcenter1pca0.0005
3902510	3902510	SIRcenter1pca0.0005
3649496	3649496	SIRcenter1pca0.0005
2521927	2521927	SIRcenter1pca0.0005
1058375	1058375	SIRcenter1pca0.0005
2752334	2752334	SIRcenter1pca0.0005
2973782	2973782	SIRcenter1pca0.0005
1184714	1184714	SIRcenter1pca0.0005
2223131	2223131	SIRcenter1pca0.0005
2352644	2352644	SIRcenter1pca0.0005
1968206	1968206	SIRcenter1pca0.0005
4509534	4509534	SIRcenter1pca0.0005
4740433	4740433	SIRcenter1pca0.0005
1895393	1895393	SIRcenter1pca0.0005
5583759	5583759	SIRcenter1pca0.0005
1964694	1964694	SIRcenter1pca0.0005
5904846	5904846	SIRcenter1pca0.0005
2309294	2309294	SIRcenter1pca0.0005
5423127	5423127	SIRcenter1pca0.0005
5190554	5190554	SIRcenter1pca0.0005
3589778	3589778	SIRcenter1pca0.0005
5522492	5522492	SIRcenter1pca0.0005
4438275	4438275	SIRcenter1pca0.0005
4034384	4034384	SIRcenter1pca0.0005
1580486	1580486	SIRcenter1pca0.0005
1999599	1999599	SIRcenter1pca0.0005
2978642	2978642	SIRcenter1pca0.0005
1261712	1261712	SIRcenter1pca0.0005
3382629	3382629	SIRcenter1pca0.0005
4343361	4343361	SIRcenter1pca0.0005
5886162	5886162	SIRcenter1pca0.0005
3967492	3967492	SIRcenter1pca0.0005
4267068	4267068	SIRcenter1pca0.0005
4885614	4885614	SIRcenter1pca0.0005
3882223	3882223	SIRcenter1pca0.0005
2242669	2242669	SIRcenter1pca0.0005
1676953	1676953	SIRcenter1pca0.0005
2995173	2995173	SIRcenter1pca0.0005
2119268	2119268	SIRcenter1pca0.0005
4395749	4395749	SIRcenter1pca0.0005
4403451	4403451	SIRcenter1pca0.0005
1037144	1037144	SIRcenter1pca0.0005
4022485	4022485	SIRcenter1pca0.0005
1904785	1904785	SIRcenter1pca0.0005
5031412	5031412	SIRcenter1pca0.0005
5490825	5490825	SIRcenter1pca0.0005
1863175	1863175	SIRcenter1pca0.0005
5584835	5584835	SIRcenter1pca0.0005
5901126	5901126	SIRcenter1pca0.0005
3732168	3732168	SIRcenter1pca0.0005
1053402	1053402	SIRcenter1pca0.0005
1849472	1849472	SIRcenter1pca0.0005
2628979	2628979	SIRcenter1pca0.0005
3088828	3088828	SIRcenter1pca0.0005
3283036	3283036	SIRcenter1pca0.0005
2564269	2564269	SIRcenter1pca0.0005
2751000	2751000	SIRcenter1pca0.0005
5418394	5418394	SIRcenter1pca0.0005
4532963	4532963	SIRcenter1pca0.0005
1771442	1771442	SIRcenter1pca0.0005
5344284	5344284	SIRcenter1pca0.0005
4565596	4565596	SIRcenter1pca0.0005
1069537	1069537	SIRcenter1pca0.0005
2461902	2461902	SIRcenter1pca0.0005
3357144	3357144	SIRcenter1pca0.0005
4062193	4062193	SIRcenter1pca0.0005
5293548	5293548	SIRcenter1pca0.0005
4366044	4366044	SIRcenter1pca0.0005
3172411	3172411	SIRcenter1pca0.0005
3138237	3138237	SIRcenter1pca0.0005
1042907	1042907	SIRcenter1pca0.0005
2866789	2866789	SIRcenter1pca0.0005
2655665	2655665	SIRcenter1pca0.0005
1848386	1848386	SIRcenter1pca0.0005
1591406	1591406	SIRcenter1pca0.0005
1024520	1024520	SIRcenter1pca0.0005
5972271	5972271	SIRcenter1pca0.0005
1072287	1072287	SIRcenter1pca0.0005
4819458	4819458	SIRcenter1pca0.0005
2264603	2264603	SIRcenter1pca0.0005
4652328	4652328	SIRcenter1pca0.0005
5680644	5680644	SIRcenter1pca0.0005
2019318	2019318	SIRcenter1pca0.0005
4510952	4510952	SIRcenter1pca0.0005
5717240	5717240	SIRcenter1pca0.0005
5932597	5932597	SIRcenter1pca0.0005
4757964	4757964	SIRcenter1pca0.0005
1793716	1793716	SIRcenter1pca0.0005
1463744	1463744	SIRcenter1pca0.0005
1915730	1915730	SIRcenter1pca0.0005
5019006	5019006	SIRcenter1pca0.0005
4351027	4351027	SIRcenter1pca0.0005
3968230	3968230	SIRcenter1pca0.0005
2100718	2100718	SIRcenter1pca0.0005
1662840	1662840	SIRcenter1pca0.0005
3256734	3256734	SIRcenter1pca0.0005
3194639	3194639	SIRcenter1pca0.0005
1058375	1058375	SIRcenter1pca0.0005
3923020	3923020	SIRcenter1pca0.0005
2879687	2879687	SIRcenter1pca0.0005
1810554	1810554	SIRcenter1pca0.0005
2654271	2654271	SIRcenter1pca0.0005
3376723	3376723	SIRcenter1pca0.0005
4024813	4024813	SIRcenter1pca0.0005
1277904	1277904	SIRcenter1pca0.0005
2826593	2826593	SIRcenter1pca0.0005
5439577	5439577	SIRcenter1pca0.0005
3729960	3729960	SIRcenter1pca0.0005
3231384	3231384	SIRcenter1pca0.0005
3488822	3488822	SIRcenter1pca0.0005
1964307	1964307	SIRcenter1pca0.0005
5502438	5502438	SIRcenter1pca0.0005
2062802	2062802	SIRcenter1pca0.0005
1503380	1503380	SIRcenter1pca0.0005
2732306	2732306	SIRcenter1pca0.0005
3614358	3614358	SIRcenter1pca0.0005
1473030	1473030	SIRcenter1pca0.0005
5248873	5248873	SIRcenter1pca0.0005
4753869	4753869	SIRcenter1pca0.0005
3789702	3789702	SIRcenter1pca0.0005
3732168	3732168	SIRcenter1pca0.0005
4076090	4076090	SIRcenter1pca0.0005
3098207	3098207	SIRcenter1pca0.0005
5805967	5805967	SIRcenter1pca0.0005
1947872	1947872	SIRcenter1pca0.0005
2922690	2922690	SIRcenter1pca0.0005
4642708	4642708	SIRcenter1pca0.0005
5113075	5113075	SIRcenter1pca0.0005
5078101	5078101	SIRcenter1pca0.0005
5217676	5217676	SIRcenter1pca0.0005
5359056	5359056	SIRcenter1pca0.0005
3424585	3424585	SIRcenter1pca0.0005
3943076	3943076	SIRcenter1pca0.0005
4300946	4300946	SIRcenter1pca0.0005
5622989	5622989	SIRcenter1pca0.0005
3830667	3830667	SIRcenter1pca0.0005
4227217	4227217	SIRcenter1pca0.0005
5684338	5684338	SIRcenter1pca0.0005
1568735	1568735	SIRcenter1pca0.0005
1622159	1622159	SIRcenter1pca0.0005
3726703	3726703	SIRcenter1pca0.0005
4054599	4054599	SIRcenter1pca0.0005
4319972	4319972	SIRcenter1pca0.0005
1071525	1071525	SIRcenter1pca0.0005
4149197	4149197	SIRcenter1pca0.0005
5407884	5407884	SIRcenter1pca0.0005
2488719	2488719	SIRcenter1pca0.0005
5914235	5914235	SIRcenter1pca0.0005
4693239	4693239	SIRcenter1pca0.0005
4889437	4889437	SIRcenter1pca0.0005
6007410	6007410	SIRcenter1pca0.0005
3119029	3119029	SIRcenter1pca0.0005
1598095	1598095	SIRcenter1pca0.0005
3555423	3555423	SIRcenter1pca0.0005
2776881	2776881	SIRcenter1pca0.0005
5744811	5744811	SIRcenter1pca0.0005
5360299	5360299	SIRcenter1pca0.0005
4529283	4529283	SIRcenter1pca0.0005
4184633	4184633	SIRcenter1pca0.0005
4132829	4132829	SIRcenter1pca0.0005
1664974	1664974	SIRcenter1pca0.0005
2408218	2408218	SIRcenter1pca0.0005
1654895	1654895	SIRcenter1pca0.0005
2214529	2214529	SIRcenter1pca0.0005
5781032	5781032	SIRcenter1pca0.0005
3040254	3040254	SIRcenter1pca0.0005
3289269	3289269	SIRcenter1pca0.0005
5814896	5814896	SIRcenter1pca0.0005
2167335	2167335	SIRcenter1pca0.0005
5322274	5322274	SIRcenter1pca0.0005
5446832	5446832	SIRcenter1pca0.0005
4859411	4859411	SIRcenter1pca0.0005
4249456	4249456	SIRcenter1pca0.0005
4843181	4843181	SIRcenter1pca0.0005
2066753	2066753	SIRcenter1pca0.0005
4546726	4546726	SIRcenter1pca0.0005
4143922	4143922	SIRcenter1pca0.0005
2850688	2850688	SIRcenter1pca0.0005
3721432	3721432	SIRcenter1pca0.0005
2454237	2454237	SIRcenter1pca0.0005
3463531	3463531	SIRcenter1pca0.0005
4445478	4445478	SIRcenter1pca0.0005
3371357	3371357	SIRcenter1pca0.0005
5243482	5243482	SIRcenter1pca0.0005
1465829	1465829	SIRcenter1pca0.0005
3155874	3155874	SIRcenter1pca0.0005
2849639	2849639	SIRcenter1pca0.0005
3060299	3060299	SIRcenter1pca0.0005
2867424	2867424	SIRcenter1pca0.0005
3221881	3221881	SIRcenter1pca0.0005
3913638	3913638	SIRcenter1pca0.0005
4703278	4703278	SIRcenter1pca0.0005
5789269	5789269	SIRcenter1pca0.0005
3053588	3053588	SIRcenter1pca0.0005
3668590	3668590	SIRcenter1pca0.0005
4350407	4350407	SIRcenter1pca0.0005
5676059	5676059	SIRcenter1pca0.0005
3911042	3911042	SIRcenter1pca0.0005
3042208	3042208	SIRcenter1pca0.0005
5698014	5698014	SIRcenter1pca0.0005
4334324	4334324	SIRcenter1pca0.0005
3015981	3015981	SIRcenter1pca0.0005
2124509	2124509	SIRcenter1pca0.0005
1957090	1957090	SIRcenter1pca0.0005
3384016	3384016	SIRcenter1pca0.0005
2725060	2725060	SIRcenter1pca0.0005
5337574	5337574	SIRcenter1pca0.0005
2533485	2533485	SIRcenter1pca0.0005
4299533	4299533	SIRcenter1pca0.0005
4103144	4103144	SIRcenter1pca0.0005
2362185	2362185	SIRcenter1pca0.0005
5520704	5520704	SIRcenter1pca0.0005
5423130	5423130	SIRcenter1pca0.0005
4054670	4054670	SIRcenter1pca0.0005
3077974	3077974	SIRcenter1pca0.0005
2848769	2848769	SIRcenter1pca0.0005
3974368	3974368	SIRcenter1pca0.0005
3575729	3575729	SIRcenter1pca0.0005
5609375	5609375	SIRcenter1pca0.0005
3726984	3726984	SIRcenter1pca0.0005
4181232	4181232	SIRcenter1pca0.0005
2442095	2442095	SIRcenter1pca0.0005
3960106	3960106	SIRcenter1pca0.0005
1917691	1917691	SIRcenter1pca0.0005
5518309	5518309	SIRcenter1pca0.0005
3447339	3447339	SIRcenter1pca0.0005
3858386	3858386	SIRcenter1pca0.0005
4435013	4435013	SIRcenter1pca0.0005
1049756	1049756	SIRcenter1pca0.0005
3371078	3371078	SIRcenter1pca0.0005
3444673	3444673	SIRcenter1pca0.0005
2632443	2632443	SIRcenter1pca0.0005
2285363	2285363	SIRcenter1pca0.0005
5946000	5946000	SIRcenter1pca0.0005
3458815	3458815	SIRcenter1pca0.0005
2067210	2067210	SIRcenter1pca0.0005
5520704	5520704	SIRcenter1pca0.0005
2703479	2703479	SIRcenter1pca0.0005
3307247	3307247	SIRcenter1pca0.0005
5092251	5092251	SIRcenter1pca0.0005
2197982	2197982	SIRcenter1pca0.0005
3765997	3765997	SIRcenter1pca0.0005
3388868	3388868	SIRcenter1pca0.0005
2216210	2216210	SIRcenter1pca0.0005
2662898	2662898	SIRcenter1pca0.0005
2207160	2207160	SIRcenter1pca0.0005
5488560	5488560	SIRcenter1pca0.0005
5328392	5328392	SIRcenter1pca0.0005
4033039	4033039	SIRcenter1pca0.0005
3631229	3631229	SIRcenter1pca0.0005
3590226	3590226	SIRcenter1pca0.0005
2566350	2566350	SIRcenter1pca0.0005
2112707	2112707	SIRcenter1pca0.0005
2376896	2376896	SIRcenter1pca0.0005
5831241	5831241	SIRcenter1pca0.0005
1527752	1527752	SIRcenter1pca0.0005
3060635	3060635	SIRcenter1pca0.0005
3523632	3523632	SIRcenter1pca0.0005
2946424	2946424	SIRcenter1pca0.0005
3970381	3970381	SIRcenter1pca0.0005
2382827	2382827	SIRcenter1pca0.0005
2274467	2274467	SIRcenter1pca0.0005
5726348	5726348	SIRcenter1pca0.0005
4993806	4993806	SIRcenter1pca0.0005
1403130	1403130	SIRcenter1pca0.0005
2718006	2718006	SIRcenter1pca0.0005
2113073	2113073	SIRcenter1pca0.0005
5807418	5807418	SIRcenter1pca0.0005
2303326	2303326	SIRcenter1pca0.0005
5031280	5031280	SIRcenter1pca0.0005
3849223	3849223	SIRcenter1pca0.0005
3483294	3483294	SIRcenter1pca0.0005
3184446	3184446	SIRcenter1pca0.0005
2178174	2178174	SIRcenter1pca0.0005
2098797	2098797	SIRcenter1pca0.0005
2612012	2612012	SIRcenter1pca0.0005
3391465	3391465	SIRcenter1pca0.0005
5339773	5339773	SIRcenter1pca0.0005
2276084	2276084	SIRcenter1pca0.0005
1152123	1152123	SIRcenter1pca0.0005
1051855	1051855	SIRcenter1pca0.0005
3457170	3457170	SIRcenter1pca0.0005
2715650	2715650	SIRcenter1pca0.0005
4022485	4022485	SIRcenter1pca0.0005
5241431	5241431	SIRcenter1pca0.0005
3903056	3903056	SIRcenter1pca0.0005
2814789	2814789	SIRcenter1pca0.0005
2804586	2804586	SIRcenter1pca0.0005
3889537	3889537	SIRcenter1pca0.0005
5972599	5972599	SIRcenter1pca0.0005
3051683	3051683	SIRcenter1pca0.0005
1370316	1370316	SIRcenter1pca0.0005
3130168	3130168	SIRcenter1pca0.0005
5768512	5768512	SIRcenter1pca0.0005
3135460	3135460	SIRcenter1pca0.0005
5154653	5154653	SIRcenter1pca0.0005
4032656	4032656	SIRcenter1pca0.0005
4414271	4414271	SIRcenter1pca0.0005
2067210	2067210	SIRcenter1pca0.0005
3646334	3646334	SIRcenter1pca0.0005
5032659	5032659	SIRcenter1pca0.0005
3922624	3922624	SIRcenter1pca0.0005
2561830	2561830	SIRcenter1pca0.0005
1135358	1135358	SIRcenter1pca0.0005
2509765	2509765	SIRcenter1pca0.0005
1927410	1927410	SIRcenter1pca0.0005
2725541	2725541	SIRcenter1pca0.0005
4238900	4238900	SIRcenter1pca0.0005
1410687	1410687	SIRcenter1pca0.0005
1313796	1313796	SIRcenter1pca0.0005
5366525	5366525	SIRcenter1pca0.0005
2921898	2921898	SIRcenter1pca0.0005
5192302	5192302	SIRcenter1pca0.0005
4618500	4618500	SIRcenter1pca0.0005
3182397	3182397	SIRcenter1pca0.0005
2870836	2870836	SIRcenter1pca0.0005
3596510	3596510	SIRcenter1pca0.0005
2939666	2939666	SIRcenter1pca0.0005
4652779	4652779	SIRcenter1pca0.0005
4242468	4242468	SIRcenter1pca0.0005
4144149	4144149	SIRcenter1pca0.0005
3523632	3523632	SIRcenter1pca0.0005
5070778	5070778	SIRcenter1pca0.0005
3751691	3751691	SIRcenter1pca0.0005
2835332	2835332	SIRcenter1pca0.0005
3443418	3443418	SIRcenter1pca0.0005
3381854	3381854	SIRcenter1pca0.0005
3894581	3894581	SIRcenter1pca0.0005
3760541	3760541	SIRcenter1pca0.0005
1655344	1655344	SIRcenter1pca0.0005
3002445	3002445	SIRcenter1pca0.0005
5041079	5041079	SIRcenter1pca0.0005
4608779	4608779	SIRcenter1pca0.0005
2907194	2907194	SIRcenter1pca0.0005
1109136	1109136	SIRcenter1pca0.0005
4354462	4354462	SIRcenter1pca0.0005
1831131	1831131	SIRcenter1pca0.0005
3433109	3433109	SIRcenter1pca0.0005
2485940	2485940	SIRcenter1pca0.0005
3378900	3378900	SIRcenter1pca0.0005
1578460	1578460	SIRcenter1pca0.0005
4235641	4235641	SIRcenter1pca0.0005
2096104	2096104	SIRcenter1pca0.0005
3523982	3523982	SIRcenter1pca0.0005
5250129	5250129	SIRcenter1pca0.0005
1919194	1919194	SIRcenter1pca0.0005
3450423	3450423	SIRcenter1pca0.0005
5317709	5317709	SIRcenter1pca0.0005
1063441	1063441	SIRcenter1pca0.0005
3965481	3965481	SIRcenter1pca0.0005
2842908	2842908	SIRcenter1pca0.0005
1161670	1161670	SIRcenter1pca0.0005
5015801	5015801	SIRcenter1pca0.0005
5945521	5945521	SIRcenter1pca0.0005
3363422	3363422	SIRcenter1pca0.0005
5500959	5500959	SIRcenter1pca0.0005
1431590	1431590	SIRcenter1pca0.0005
2256465	2256465	SIRcenter1pca0.0005
3252044	3252044	SIRcenter1pca0.0005
4232461	4232461	SIRcenter1pca0.0005
2805337	2805337	SIRcenter1pca0.0005
6004370	6004370	SIRcenter1pca0.0005
1056827	1056827	SIRcenter1pca0.0005
2865914	2865914	SIRcenter1pca0.0005
2001988	2001988	SIRcenter1pca0.0005
2089419	2089419	SIRcenter1pca0.0005
4460861	4460861	SIRcenter1pca0.0005
1339506	1339506	SIRcenter1pca0.0005
5521483	5521483	SIRcenter1pca0.0005
3801753	3801753	SIRcenter1pca0.0005
1499122	1499122	SIRcenter1pca0.0005
3070631	3070631	SIRcenter1pca0.0005
2132325	2132325	SIRcenter1pca0.0005
3080820	3080820	SIRcenter1pca0.0005
2753828	2753828	SIRcenter1pca0.0005
3274490	3274490	SIRcenter1pca0.0005
5369732	5369732	SIRcenter1pca0.0005
3255451	3255451	SIRcenter1pca0.0005
1661388	1661388	SIRcenter1pca0.0005
2303197	2303197	SIRcenter1pca0.0005
4058240	4058240	SIRcenter1pca0.0005
1194043	1194043	SIRcenter1pca0.0005
4276432	4276432	SIRcenter1pca0.0005
2607880	2607880	SIRcenter1pca0.0005
1494834	1494834	SIRcenter1pca0.0005
1739145	1739145	SIRcenter1pca0.0005
5366098	5366098	SIRcenter1pca0.0005
4215520	4215520	SIRcenter1pca0.0005
5482777	5482777	SIRcenter1pca0.0005
1306370	1306370	SIRcenter1pca0.0005
1301460	1301460	SIRcenter1pca0.0005
3274751	3274751	SIRcenter1pca0.0005
3423425	3423425	SIRcenter1pca0.0005
5657172	5657172	SIRcenter1pca0.0005
5373284	5373284	SIRcenter1pca0.0005
4222956	4222956	SIRcenter1pca0.0005
3663703	3663703	SIRcenter1pca0.0005
3164394	3164394	SIRcenter1pca0.0005
1502845	1502845	SIRcenter1pca0.0005
2561604	2561604	SIRcenter1pca0.0005
1137488	1137488	SIRcenter1pca0.0005
1538653	1538653	SIRcenter1pca0.0005
2888647	2888647	SIRcenter1pca0.0005
3745023	3745023	SIRcenter1pca0.0005
3239675	3239675	SIRcenter1pca0.0005
1734291	1734291	SIRcenter1pca0.0005
1130523	1130523	SIRcenter1pca0.0005
4291852	4291852	SIRcenter1pca0.0005
4188623	4188623	SIRcenter1pca0.0005
5724399	5724399	SIRcenter1pca0.0005
5027674	5027674	SIRcenter1pca0.0005
1391431	1391431	SIRcenter1pca0.0005
1715376	1715376	SIRcenter1pca0.0005
4232839	4232839	SIRcenter1pca0.0005
2245680	2245680	SIRcenter1pca0.0005
3005886	3005886	SIRcenter1pca0.0005
1327663	1327663	SIRcenter1pca0.0005
4457473	4457473	SIRcenter1pca0.0005
2670142	2670142	SIRcenter1pca0.0005
4522497	4522497	SIRcenter1pca0.0005
5336069	5336069	SIRcenter1pca0.0005
3821726	3821726	SIRcenter1pca0.0005
2502143	2502143	SIRcenter1pca0.0005
5036990	5036990	SIRcenter1pca0.0005
1806447	1806447	SIRcenter1pca0.0005
3720764	3720764	SIRcenter1pca0.0005
4136065	4136065	SIRcenter1pca0.0005
1642410	1642410	SIRcenter1pca0.0005
5622989	5622989	SIRcenter1pca0.0005
1044751	1044751	SIRcenter1pca0.0005
3504365	3504365	SIRcenter1pca0.0005
2929604	2929604	SIRcenter1pca0.0005
5768512	5768512	SIRcenter1pca0.0005
3920647	3920647	SIRcenter1pca0.0005
4550892	4550892	SIRcenter1pca0.0005
1427338	1427338	SIRcenter1pca0.0005
5577264	5577264	SIRcenter1pca0.0005
3892160	3892160	SIRcenter1pca0.0005
1566289	1566289	SIRcenter1pca0.0005
3882901	3882901	SIRcenter1pca0.0005
2672382	2672382	SIRcenter1pca0.0005
1173090	1173090	SIRcenter1pca0.0005
4799253	4799253	SIRcenter1pca0.0005
4439847	4439847	SIRcenter1pca0.0005
1577395	1577395	SIRcenter1pca0.0005
4281185	4281185	SIRcenter1pca0.0005
3186729	3186729	SIRcenter1pca0.0005
3112553	3112553	SIRcenter1pca0.0005
4831791	4831791	SIRcenter1pca0.0005
3874145	3874145	SIRcenter1pca0.0005
4460893	4460893	SIRcenter1pca0.0005
1033572	1033572	SIRcenter1pca0.0005
5300232	5300232	SIRcenter1pca0.0005
4973983	4973983	SIRcenter1pca0.0005
1238006	1238006	SIRcenter1pca0.0005
1046975	1046975	SIRcenter1pca0.0005
2277131	2277131	SIRcenter1pca0.0005
3647219	3647219	SIRcenter1pca0.0005
2368054	2368054	SIRcenter1pca0.0005
4923317	4923317	SIRcenter1pca0.0005
1919194	1919194	SIRcenter1pca0.0005
2806713	2806713	SIRcenter1pca0.0005
1953099	1953099	SIRcenter1pca0.0005
4968324	4968324	SIRcenter1pca0.0005
5454642	5454642	SIRcenter1pca0.0005
1037117	1037117	SIRcenter1pca0.0005
4232461	4232461	SIRcenter1pca0.0005
4504855	4504855	SIRcenter1pca0.0005
4373196	4373196	SIRcenter1pca0.0005
2196821	2196821	SIRcenter1pca0.0005
3295972	3295972	SIRcenter1pca0.0005
4819204	4819204	SIRcenter1pca0.0005
1256520	1256520	SIRcenter1pca0.0005
2422754	2422754	SIRcenter1pca0.0005
5207131	5207131	SIRcenter1pca0.0005
3879502	3879502	SIRcenter1pca0.0005
5176269	5176269	SIRcenter1pca0.0005
5364469	5364469	SIRcenter1pca0.0005
1007089	1007089	SIRcenter1pca0.0005
3938940	3938940	SIRcenter1pca0.0005
5987565	5987565	SIRcenter1pca0.0005
4062960	4062960	SIRcenter1pca0.0005
1959299	1959299	SIRcenter1pca0.0005
3490779	3490779	SIRcenter1pca0.0005
1203039	1203039	SIRcenter1pca0.0005
2509882	2509882	SIRcenter1pca0.0005
1042851	1042851	SIRcenter1pca0.0005
4075305	4075305	SIRcenter1pca0.0005
3560397	3560397	SIRcenter1pca0.0005
4827539	4827539	SIRcenter1pca0.0005
1229392	1229392	SIRcenter1pca0.0005
3726984	3726984	SIRcenter1pca0.0005
5938569	5938569	SIRcenter1pca0.0005
2742640	2742640	SIRcenter1pca0.0005
4580010	4580010	SIRcenter1pca0.0005
2634052	2634052	SIRcenter1pca0.0005
2702569	2702569	SIRcenter1pca0.0005
2622194	2622194	SIRcenter1pca0.0005
1593927	1593927	SIRcenter1pca0.0005
2707514	2707514	SIRcenter1pca0.0005
2067210	2067210	SIRcenter1pca0.0005
5375255	5375255	SIRcenter1pca0.0005
4532963	4532963	SIRcenter1pca0.0005
1106893	1106893	SIRcenter1pca0.0005
5739719	5739719	SIRcenter1pca0.0005
3957512	3957512	SIRcenter1pca0.0005
5274992	5274992	SIRcenter1pca0.0005
4292309	4292309	SIRcenter1pca0.0005
4720146	4720146	SIRcenter1pca0.0005
4394499	4394499	SIRcenter1pca0.0005
2271697	2271697	SIRcenter1pca0.0005
2318252	2318252	SIRcenter1pca0.0005
5716449	5716449	SIRcenter1pca0.0005
5907643	5907643	SIRcenter1pca0.0005
3749539	3749539	SIRcenter1pca0.0005
1191632	1191632	SIRcenter1pca0.0005
5960500	5960500	SIRcenter1pca0.0005
3163593	3163593	SIRcenter1pca0.0005
5476567	5476567	SIRcenter1pca0.0005
4449320	4449320	SIRcenter1pca0.0005
5740666	5740666	SIRcenter1pca0.0005
5922243	5922243	SIRcenter1pca0.0005
4354462	4354462	SIRcenter1pca0.0005
1037144	1037144	SIRcenter1pca0.0005
1364115	1364115	SIRcenter1pca0.0005
3633239	3633239	SIRcenter1pca0.0005
5709310	5709310	SIRcenter1pca0.0005
5666112	5666112	SIRcenter1pca0.0005
3378085	3378085	SIRcenter1pca0.0005
4942879	4942879	SIRcenter1pca0.0005
4508861	4508861	SIRcenter1pca0.0005
2503833	2503833	SIRcenter1pca0.0005
4872621	4872621	SIRcenter1pca0.0005
2885777	2885777	SIRcenter1pca0.0005
4428001	4428001	SIRcenter1pca0.0005
2945936	2945936	SIRcenter1pca0.0005
5883892	5883892	SIRcenter1pca0.0005
5742549	5742549	SIRcenter1pca0.0005
3148986	3148986	SIRcenter1pca0.0005
5264039	5264039	SIRcenter1pca0.0005
5724049	5724049	SIRcenter1pca0.0005
4441141	4441141	SIRcenter1pca0.0005
5797929	5797929	SIRcenter1pca0.0005
5518907	5518907	SIRcenter1pca0.0005
5052083	5052083	SIRcenter1pca0.0005
4571797	4571797	SIRcenter1pca0.0005
2744969	2744969	SIRcenter1pca0.0005
3319374	3319374	SIRcenter1pca0.0005
1279778	1279778	SIRcenter1pca0.0005
4307718	4307718	SIRcenter1pca0.0005
3873370	3873370	SIRcenter1pca0.0005
5685247	5685247	SIRcenter1pca0.0005
5045769	5045769	SIRcenter1pca0.0005
5644106	5644106	SIRcenter1pca0.0005
3172230	3172230	SIRcenter1pca0.0005
5488560	5488560	SIRcenter1pca0.0005
2982347	2982347	SIRcenter1pca0.0005
3254564	3254564	SIRcenter1pca0.0005
4867223	4867223	SIRcenter1pca0.0005
3688321	3688321	SIRcenter1pca0.0005
2404259	2404259	SIRcenter1pca0.0005
3641170	3641170	SIRcenter1pca0.0005
4568789	4568789	SIRcenter1pca0.0005
3840794	3840794	SIRcenter1pca0.0005
5689652	5689652	SIRcenter1pca0.0005
5190554	5190554	SIRcenter1pca0.0005
4391527	4391527	SIRcenter1pca0.0005
2705452	2705452	SIRcenter1pca0.0005
1433458	1433458	SIRcenter1pca0.0005
2611248	2611248	SIRcenter1pca0.0005
1186991	1186991	SIRcenter1pca0.0005
4878864	4878864	SIRcenter1pca0.0005
2095450	2095450	SIRcenter1pca0.0005
4052623	4052623	SIRcenter1pca0.0005
2309837	2309837	SIRcenter1pca0.0005
1455476	1455476	SIRcenter1pca0.0005
2544488	2544488	SIRcenter1pca0.0005
4226827	4226827	SIRcenter1pca0.0005
1842035	1842035	SIRcenter1pca0.0005
5080280	5080280	SIRcenter1pca0.0005
2951791	2951791	SIRcenter1pca0.0005
1267262	1267262	SIRcenter1pca0.0005
3925598	3925598	SIRcenter1pca0.0005
5127313	5127313	SIRcenter1pca0.0005
5135168	5135168	SIRcenter1pca0.0005
2606706	2606706	SIRcenter1pca0.0005
3703321	3703321	SIRcenter1pca0.0005
1017238	1017238	SIRcenter1pca0.0005
3906686	3906686	SIRcenter1pca0.0005
1713655	1713655	SIRcenter1pca0.0005
4123515	4123515	SIRcenter1pca0.0005
1292606	1292606	SIRcenter1pca0.0005
5869312	5869312	SIRcenter1pca0.0005
4101873	4101873	SIRcenter1pca0.0005
3000652	3000652	SIRcenter1pca0.0005
1066208	1066208	SIRcenter1pca0.0005
1846314	1846314	SIRcenter1pca0.0005
2291045	2291045	SIRcenter1pca0.0005
4779444	4779444	SIRcenter1pca0.0005
2087181	2087181	SIRcenter1pca0.0005
3803802	3803802	SIRcenter1pca0.0005
2220881	2220881	SIRcenter1pca0.0005
2441102	2441102	SIRcenter1pca0.0005
5745276	5745276	SIRcenter1pca0.0005
4478776	4478776	SIRcenter1pca0.0005
3331315	3331315	SIRcenter1pca0.0005
5458261	5458261	SIRcenter1pca0.0005
5143359	5143359	SIRcenter1pca0.0005
4987509	4987509	SIRcenter1pca0.0005
3675496	3675496	SIRcenter1pca0.0005
5540512	5540512	SIRcenter1pca0.0005
4435034	4435034	SIRcenter1pca0.0005
5816741	5816741	SIRcenter1pca0.0005
2473989	2473989	SIRcenter1pca0.0005
3215388	3215388	SIRcenter1pca0.0005
5676873	5676873	SIRcenter1pca0.0005
1428211	1428211	SIRcenter1pca0.0005
4734931	4734931	SIRcenter1pca0.0005
5962182	5962182	SIRcenter1pca0.0005
4524538	4524538	SIRcenter1pca0.0005
4027049	4027049	SIRcenter1pca0.0005
2918684	2918684	SIRcenter1pca0.0005
3349358	3349358	SIRcenter1pca0.0005
1640566	1640566	SIRcenter1pca0.0005
1076541	1076541	SIRcenter1pca0.0005
1719592	1719592	SIRcenter1pca0.0005
3793712	3793712	SIRcenter1pca0.0005
1508772	1508772	SIRcenter1pca0.0005
5099675	5099675	SIRcenter1pca0.0005
5451205	5451205	SIRcenter1pca0.0005
2241057	2241057	SIRcenter1pca0.0005
2650916	2650916	SIRcenter1pca0.0005
4517629	4517629	SIRcenter1pca0.0005
3420981	3420981	SIRcenter1pca0.0005
3634530	3634530	SIRcenter1pca0.0005
1995916	1995916	SIRcenter1pca0.0005
2281293	2281293	SIRcenter1pca0.0005
2155872	2155872	SIRcenter1pca0.0005
4481446	4481446	SIRcenter1pca0.0005
2392546	2392546	SIRcenter1pca0.0005
4332145	4332145	SIRcenter1pca0.0005
5547340	5547340	SIRcenter1pca0.0005
1129906	1129906	SIRcenter1pca0.0005
3466169	3466169	SIRcenter1pca0.0005
5638204	5638204	SIRcenter1pca0.0005
4239564	4239564	SIRcenter1pca0.0005
2774246	2774246	SIRcenter1pca0.0005
4920975	4920975	SIRcenter1pca0.0005
4060207	4060207	SIRcenter1pca0.0005
3602692	3602692	SIRcenter1pca0.0005
3041498	3041498	SIRcenter1pca0.0005
5278807	5278807	SIRcenter1pca0.0005
3134911	3134911	SIRcenter1pca0.0005
2424415	2424415	SIRcenter1pca0.0005
2890634	2890634	SIRcenter1pca0.0005
2205672	2205672	SIRcenter1pca0.0005
3014204	3014204	SIRcenter1pca0.0005
1621990	1621990	SIRcenter1pca0.0005
3214382	3214382	SIRcenter1pca0.0005
4963594	4963594	SIRcenter1pca0.0005
4804099	4804099	SIRcenter1pca0.0005
2840163	2840163	SIRcenter1pca0.0005
5406564	5406564	SIRcenter1pca0.0005
4357057	4357057	SIRcenter1pca0.0005
5078180	5078180	SIRcenter1pca0.0005
3925009	3925009	SIRcenter1pca0.0005
2655647	2655647	SIRcenter1pca0.0005
5271990	5271990	SIRcenter1pca0.0005
5214134	5214134	SIRcenter1pca0.0005
3148986	3148986	SIRcenter1pca0.0005
3522853	3522853	SIRcenter1pca0.0005
5914235	5914235	SIRcenter1pca0.0005
2586445	2586445	SIRcenter1pca0.0005
3422916	3422916	SIRcenter1pca0.0005
4401102	4401102	SIRcenter1pca0.0005
3006128	3006128	SIRcenter1pca0.0005
2330760	2330760	SIRcenter1pca0.0005
2661032	2661032	SIRcenter1pca0.0005
2519220	2519220	SIRcenter1pca0.0005
3047431	3047431	SIRcenter1pca0.0005
2197982	2197982	SIRcenter1pca0.0005
5521295	5521295	SIRcenter1pca0.0005
3301575	3301575	SIRcenter1pca0.0005
2925693	2925693	SIRcenter1pca0.0005
3253583	3253583	SIRcenter1pca0.0005
2743131	2743131	SIRcenter1pca0.0005
5421287	5421287	SIRcenter1pca0.0005
5851791	5851791	SIRcenter1pca0.0005
3105075	3105075	SIRcenter1pca0.0005
3532053	3532053	SIRcenter1pca0.0005
3698754	3698754	SIRcenter1pca0.0005
2346832	2346832	SIRcenter1pca0.0005
5763049	5763049	SIRcenter1pca0.0005
2882786	2882786	SIRcenter1pca0.0005
5677724	5677724	SIRcenter1pca0.0005
3891586	3891586	SIRcenter1pca0.0005
3726097	3726097	SIRcenter1pca0.0005
2043255	2043255	SIRcenter1pca0.0005
1069496	1069496	SIRcenter1pca0.0005
5629617	5629617	SIRcenter1pca0.0005
5830012	5830012	SIRcenter1pca0.0005
5073116	5073116	SIRcenter1pca0.0005
1806669	1806669	SIRcenter1pca0.0005
1866904	1866904	SIRcenter1pca0.0005
1557812	1557812	SIRcenter1pca0.0005
3111490	3111490	SIRcenter1pca0.0005
3060299	3060299	SIRcenter1pca0.0005
3534270	3534270	SIRcenter1pca0.0005
3101146	3101146	SIRcenter1pca0.0005
1701343	1701343	SIRcenter1pca0.0005
3600207	3600207	SIRcenter1pca0.0005
4565242	4565242	SIRcenter1pca0.0005
5462316	5462316	SIRcenter1pca0.0005
2192501	2192501	SIRcenter1pca0.0005
5555574	5555574	SIRcenter1pca0.0005
4412397	4412397	SIRcenter1pca0.0005
3256734	3256734	SIRcenter1pca0.0005
1640471	1640471	SIRcenter1pca0.0005
1696379	1696379	SIRcenter1pca0.0005
3431029	3431029	SIRcenter1pca0.0005
3081616	3081616	SIRcenter1pca0.0005
3862824	3862824	SIRcenter1pca0.0005
5659221	5659221	SIRcenter1pca0.0005
2243428	2243428	SIRcenter1pca0.0005
5667958	5667958	SIRcenter1pca0.0005
2921282	2921282	SIRcenter1pca0.0005
4030363	4030363	SIRcenter1pca0.0005
5447806	5447806	SIRcenter1pca0.0005
6013907	6013907	SIRcenter1pca0.0005
1005963	1005963	SIRcenter1pca0.0005
3726703	3726703	SIRcenter1pca0.0005
2387224	2387224	SIRcenter1pca0.0005
3467404	3467404	SIRcenter1pca0.0005
5392869	5392869	SIRcenter1pca0.0005
5147783	5147783	SIRcenter1pca0.0005
1513792	1513792	SIRcenter1pca0.0005
5969064	5969064	SIRcenter1pca0.0005
3307481	3307481	SIRcenter1pca0.0005
2420882	2420882	SIRcenter1pca0.0005
1339308	1339308	SIRcenter1pca0.0005
3981027	3981027	SIRcenter1pca0.0005
1833217	1833217	SIRcenter1pca0.0005
1150380	1150380	SIRcenter1pca0.0005
3436927	3436927	SIRcenter1pca0.0005
3302495	3302495	SIRcenter1pca0.0005
1645303	1645303	SIRcenter1pca0.0005
3590703	3590703	SIRcenter1pca0.0005
3370242	3370242	SIRcenter1pca0.0005
3239337	3239337	SIRcenter1pca0.0005
5722142	5722142	SIRcenter1pca0.0005
4288221	4288221	SIRcenter1pca0.0005
1999183	1999183	SIRcenter1pca0.0005
3342118	3342118	SIRcenter1pca0.0005
5769608	5769608	SIRcenter1pca0.0005
4398018	4398018	SIRcenter1pca0.0005
2396981	2396981	SIRcenter1pca0.0005
5124880	5124880	SIRcenter1pca0.0005
5941721	5941721	SIRcenter1pca0.0005
3336229	3336229	SIRcenter1pca0.0005
1064604	1064604	SIRcenter1pca0.0005
3771782	3771782	SIRcenter1pca0.0005
4457106	4457106	SIRcenter1pca0.0005
2806482	2806482	SIRcenter1pca0.0005
4964197	4964197	SIRcenter1pca0.0005
4498778	4498778	SIRcenter1pca0.0005
4068879	4068879	SIRcenter1pca0.0005
3390832	3390832	SIRcenter1pca0.0005
4304364	4304364	SIRcenter1pca0.0005
2878360	2878360	SIRcenter1pca0.0005
5186855	5186855	SIRcenter1pca0.0005
1608262	1608262	SIRcenter1pca0.0005
4622811	4622811	SIRcenter1pca0.0005
4072588	4072588	SIRcenter1pca0.0005
3908581	3908581	SIRcenter1pca0.0005
1647676	1647676	SIRcenter1pca0.0005
3267478	3267478	SIRcenter1pca0.0005
2461902	2461902	SIRcenter1pca0.0005
5402477	5402477	SIRcenter1pca0.0005
4499886	4499886	SIRcenter1pca0.0005
3712436	3712436	SIRcenter1pca0.0005
1844912	1844912	SIRcenter1pca0.0005
2476492	2476492	SIRcenter1pca0.0005
2157782	2157782	SIRcenter1pca0.0005
3893844	3893844	SIRcenter1pca0.0005
1288934	1288934	SIRcenter1pca0.0005
3276572	3276572	SIRcenter1pca0.0005
2972246	2972246	SIRcenter1pca0.0005
5785417	5785417	SIRcenter1pca0.0005
4238483	4238483	SIRcenter1pca0.0005
3978473	3978473	SIRcenter1pca0.0005
5540916	5540916	SIRcenter1pca0.0005
1519014	1519014	SIRcenter1pca0.0005
1374460	1374460	SIRcenter1pca0.0005
2197908	2197908	SIRcenter1pca0.0005
4669787	4669787	SIRcenter1pca0.0005
2483389	2483389	SIRcenter1pca0.0005
3743893	3743893	SIRcenter1pca0.0005
4790773	4790773	SIRcenter1pca0.0005
5542851	5542851	SIRcenter1pca0.0005
5482777	5482777	SIRcenter1pca0.0005
5457641	5457641	SIRcenter1pca0.0005
5631171	5631171	SIRcenter1pca0.0005
2474781	2474781	SIRcenter1pca0.0005
3190492	3190492	SIRcenter1pca0.0005
1577669	1577669	SIRcenter1pca0.0005
2792880	2792880	SIRcenter1pca0.0005
4414271	4414271	SIRcenter1pca0.0005
1225727	1225727	SIRcenter1pca0.0005
5794088	5794088	SIRcenter1pca0.0005
3522647	3522647	SIRcenter1pca0.0005
3669003	3669003	SIRcenter1pca0.0005
2909137	2909137	SIRcenter1pca0.0005
2281564	2281564	SIRcenter1pca0.0005
1641904	1641904	SIRcenter1pca0.0005
2022625	2022625	SIRcenter1pca0.0005
5490235	5490235	SIRcenter1pca0.0005
5211738	5211738	SIRcenter1pca0.0005
4119623	4119623	SIRcenter1pca0.0005
3188369	3188369	SIRcenter1pca0.0005
5454439	5454439	SIRcenter1pca0.0005
2221693	2221693	SIRcenter1pca0.0005
4120365	4120365	SIRcenter1pca0.0005
2504834	2504834	SIRcenter1pca0.0005
3905544	3905544	SIRcenter1pca0.0005
4178569	4178569	SIRcenter1pca0.0005
2923980	2923980	SIRcenter1pca0.0005
3207960	3207960	SIRcenter1pca0.0005
4220290	4220290	SIRcenter1pca0.0005
3747562	3747562	SIRcenter1pca0.0005
1109136	1109136	SIRcenter1pca0.0005
1475327	1475327	SIRcenter1pca0.0005
3166661	3166661	SIRcenter1pca0.0005
1808855	1808855	SIRcenter1pca0.0005
4945442	4945442	SIRcenter1pca0.0005
3117870	3117870	SIRcenter1pca0.0005
5317017	5317017	SIRcenter1pca0.0005
1646561	1646561	SIRcenter1pca0.0005
3864392	3864392	SIRcenter1pca0.0005
4241253	4241253	SIRcenter1pca0.0005
5244436	5244436	SIRcenter1pca0.0005
5462281	5462281	SIRcenter1pca0.0005
3931773	3931773	SIRcenter1pca0.0005
1235737	1235737	SIRcenter1pca0.0005
1405142	1405142	SIRcenter1pca0.0005
4351491	4351491	SIRcenter1pca0.0005
5846455	5846455	SIRcenter1pca0.0005
3937853	3937853	SIRcenter1pca0.0005
3880943	3880943	SIRcenter1pca0.0005
1164689	1164689	SIRcenter1pca0.0005
5401913	5401913	SIRcenter1pca0.0005
3395685	3395685	SIRcenter1pca0.0005
3302495	3302495	SIRcenter1pca0.0005
1529533	1529533	SIRcenter1pca0.0005
5820670	5820670	SIRcenter1pca0.0005
3893331	3893331	SIRcenter1pca0.0005
4480919	4480919	SIRcenter1pca0.0005
3315225	3315225	SIRcenter1pca0.0005
3080608	3080608	SIRcenter1pca0.0005
1203050	1203050	SIRcenter1pca0.0005
5224254	5224254	SIRcenter1pca0.0005
4758113	4758113	SIRcenter1pca0.0005
1953856	1953856	SIRcenter1pca0.0005
2241536	2241536	SIRcenter1pca0.0005
1441440	1441440	SIRcenter1pca0.0005
3639503	3639503	SIRcenter1pca0.0005
5884763	5884763	SIRcenter1pca0.0005
6014565	6014565	SIRcenter1pca0.0005
4882981	4882981	SIRcenter1pca0.0005
5135394	5135394	SIRcenter1pca0.0005
2710394	2710394	SIRcenter1pca0.0005
1199201	1199201	SIRcenter1pca0.0005
1981708	1981708	SIRcenter1pca0.0005
3644963	3644963	SIRcenter1pca0.0005
2172925	2172925	SIRcenter1pca0.0005
5495759	5495759	SIRcenter1pca0.0005
1249532	1249532	SIRcenter1pca0.0005
3271828	3271828	SIRcenter1pca0.0005
1830568	1830568	SIRcenter1pca0.0005
5693287	5693287	SIRcenter1pca0.0005
4253766	4253766	SIRcenter1pca0.0005
5507093	5507093	SIRcenter1pca0.0005
4135574	4135574	SIRcenter1pca0.0005
4896338	4896338	SIRcenter1pca0.0005
4090938	4090938	SIRcenter1pca0.0005
1110958	1110958	SIRcenter1pca0.0005
3085429	3085429	SIRcenter1pca0.0005
4952152	4952152	SIRcenter1pca0.0005
1929771	1929771	SIRcenter1pca0.0005
3749953	3749953	SIRcenter1pca0.0005
5394074	5394074	SIRcenter1pca0.0005
3232319	3232319	SIRcenter1pca0.0005
3214321	3214321	SIRcenter1pca0.0005
1707320	1707320	SIRcenter1pca0.0005
3080608	3080608	SIRcenter1pca0.0005
2719034	2719034	SIRcenter1pca0.0005
3651320	3651320	SIRcenter1pca0.0005
4007707	4007707	SIRcenter1pca0.0005
2202402	2202402	SIRcenter1pca0.0005
5622926	5622926	SIRcenter1pca0.0005
3980039	3980039	SIRcenter1pca0.0005
5439045	5439045	SIRcenter1pca0.0005
1257727	1257727	SIRcenter1pca0.0005
1443224	1443224	SIRcenter1pca0.0005
3003543	3003543	SIRcenter1pca0.0005
5692768	5692768	SIRcenter1pca0.0005
4027469	4027469	SIRcenter1pca0.0005
4300802	4300802	SIRcenter1pca0.0005
5286147	5286147	SIRcenter1pca0.0005
1396296	1396296	SIRcenter1pca0.0005
4519932	4519932	SIRcenter1pca0.0005
2787101	2787101	SIRcenter1pca0.0005
1707320	1707320	SIRcenter1pca0.0005
5689038	5689038	SIRcenter1pca0.0005
2560107	2560107	SIRcenter1pca0.0005
3796433	3796433	SIRcenter1pca0.0005
1071119	1071119	SIRcenter1pca0.0005
2660700	2660700	SIRcenter1pca0.0005
2992129	2992129	SIRcenter1pca0.0005
5170233	5170233	SIRcenter1pca0.0005
4107050	4107050	SIRcenter1pca0.0005
1991786	1991786	SIRcenter1pca0.0005
2845162	2845162	SIRcenter1pca0.0005
4753869	4753869	SIRcenter1pca0.0005
5054943	5054943	SIRcenter1pca0.0005
3810616	3810616	SIRcenter1pca0.0005
5248618	5248618	SIRcenter1pca0.0005
4976276	4976276	SIRcenter1pca0.0005
3067735	3067735	SIRcenter1pca0.0005
4532360	4532360	SIRcenter1pca0.0005
4740028	4740028	SIRcenter1pca0.0005
3584538	3584538	SIRcenter1pca0.0005
5545633	5545633	SIRcenter1pca0.0005
2621247	2621247	SIRcenter1pca0.0005
1703596	1703596	SIRcenter1pca0.0005
1833258	1833258	SIRcenter1pca0.0005
1513324	1513324	SIRcenter1pca0.0005
3038170	3038170	SIRcenter1pca0.0005
2970250	2970250	SIRcenter1pca0.0005
1367113	1367113	SIRcenter1pca0.0005
3379787	3379787	SIRcenter1pca0.0005
3993073	3993073	SIRcenter1pca0.0005
4455820	4455820	SIRcenter1pca0.0005
5088499	5088499	SIRcenter1pca0.0005
4839744	4839744	SIRcenter1pca0.0005
3371817	3371817	SIRcenter1pca0.0005
5592504	5592504	SIRcenter1pca0.0005
1303383	1303383	SIRcenter1pca0.0005
4022293	4022293	SIRcenter1pca0.0005
2975791	2975791	SIRcenter1pca0.0005
4955766	4955766	SIRcenter1pca0.0005
5500799	5500799	SIRcenter1pca0.0005
5423607	5423607	SIRcenter1pca0.0005
2744174	2744174	SIRcenter1pca0.0005
4442808	4442808	SIRcenter1pca0.0005
4485875	4485875	SIRcenter1pca0.0005
4744409	4744409	SIRcenter1pca0.0005
3268194	3268194	SIRcenter1pca0.0005
1003418	1003418	SIRcenter1pca0.0005
5495759	5495759	SIRcenter1pca0.0005
1017238	1017238	SIRcenter1pca0.0005
2934466	2934466	SIRcenter1pca0.0005
4848515	4848515	SIRcenter1pca0.0005
5295826	5295826	SIRcenter1pca0.0005
2102669	2102669	SIRcenter1pca0.0005
1504660	1504660	SIRcenter1pca0.0005
2204362	2204362	SIRcenter1pca0.0005
5221122	5221122	SIRcenter1pca0.0005
3280076	3280076	SIRcenter1pca0.0005
1948519	1948519	SIRcenter1pca0.0005
4445292	4445292	SIRcenter1pca0.0005
4406777	4406777	SIRcenter1pca0.0005
4455712	4455712	SIRcenter1pca0.0005
5271935	5271935	SIRcenter1pca0.0005
4413700	4413700	SIRcenter1pca0.0005
3798441	3798441	SIRcenter1pca0.0005
3496596	3496596	SIRcenter1pca0.0005
3356838	3356838	SIRcenter1pca0.0005
4654101	4654101	SIRcenter1pca0.0005
2158644	2158644	SIRcenter1pca0.0005
5122537	5122537	SIRcenter1pca0.0005
4851342	4851342	SIRcenter1pca0.0005
4804744	4804744	SIRcenter1pca0.0005
4270891	4270891	SIRcenter1pca0.0005
4241782	4241782	SIRcenter1pca0.0005
4166479	4166479	SIRcenter1pca0.0005
3598714	3598714	SIRcenter1pca0.0005
1306504	1306504	SIRcenter1pca0.0005
2707102	2707102	SIRcenter1pca0.0005
2795566	2795566	SIRcenter1pca0.0005
5648891	5648891	SIRcenter1pca0.0005
2380634	2380634	SIRcenter1pca0.0005
2878452	2878452	SIRcenter1pca0.0005
1397596	1397596	SIRcenter1pca0.0005
3638371	3638371	SIRcenter1pca0.0005
1959470	1959470	SIRcenter1pca0.0005
1100015	1100015	SIRcenter1pca0.0005
3190550	3190550	SIRcenter1pca0.0005
2991041	2991041	SIRcenter1pca0.0005
5019696	5019696	SIRcenter1pca0.0005
1485927	1485927	SIRcenter1pca0.0005
1543401	1543401	SIRcenter1pca0.0005
4253298	4253298	SIRcenter1pca0.0005
2196720	2196720	SIRcenter1pca0.0005
4455712	4455712	SIRcenter1pca0.0005
4779426	4779426	SIRcenter1pca0.0005
3886665	3886665	SIRcenter1pca0.0005
3987639	3987639	SIRcenter1pca0.0005
3792854	3792854	SIRcenter1pca0.0005
5539808	5539808	SIRcenter1pca0.0005
2222895	2222895	SIRcenter1pca0.0005
1547475	1547475	SIRcenter1pca0.0005
4755501	4755501	SIRcenter1pca0.0005
1673180	1673180	SIRcenter1pca0.0005
1707320	1707320	SIRcenter1pca0.0005
5824462	5824462	SIRcenter1pca0.0005
3229964	3229964	SIRcenter1pca0.0005
4881341	4881341	SIRcenter1pca0.0005
4267757	4267757	SIRcenter1pca0.0005
4196214	4196214	SIRcenter1pca0.0005
3542746	3542746	SIRcenter1pca0.0005
1065580	1065580	SIRcenter1pca0.0005
3616460	3616460	SIRcenter1pca0.0005
3048138	3048138	SIRcenter1pca0.0005
5877458	5877458	SIRcenter1pca0.0005
2109972	2109972	SIRcenter1pca0.0005
3434669	3434669	SIRcenter1pca0.0005
3988700	3988700	SIRcenter1pca0.0005
4026157	4026157	SIRcenter1pca0.0005
1112656	1112656	SIRcenter1pca0.0005
3001242	3001242	SIRcenter1pca0.0005
2070538	2070538	SIRcenter1pca0.0005
1868835	1868835	SIRcenter1pca0.0005
5824462	5824462	SIRcenter1pca0.0005
5897561	5897561	SIRcenter1pca0.0005
4796906	4796906	SIRcenter1pca0.0005
2480608	2480608	SIRcenter1pca0.0005
3377080	3377080	SIRcenter1pca0.0005
5606091	5606091	SIRcenter1pca0.0005
3959466	3959466	SIRcenter1pca0.0005
1290648	1290648	SIRcenter1pca0.0005
1238241	1238241	SIRcenter1pca0.0005
4352201	4352201	SIRcenter1pca0.0005
2018501	2018501	SIRcenter1pca0.0005
5677927	5677927	SIRcenter1pca0.0005
2025738	2025738	SIRcenter1pca0.0005
4797608	4797608	SIRcenter1pca0.0005
3942155	3942155	SIRcenter1pca0.0005
3032162	3032162	SIRcenter1pca0.0005
2684304	2684304	SIRcenter1pca0.0005
3164201	3164201	SIRcenter1pca0.0005
1889396	1889396	SIRcenter1pca0.0005
2054511	2054511	SIRcenter1pca0.0005
2692809	2692809	SIRcenter1pca0.0005
5464308	5464308	SIRcenter1pca0.0005
2114609	2114609	SIRcenter1pca0.0005
3849475	3849475	SIRcenter1pca0.0005
2654271	2654271	SIRcenter1pca0.0005
1068961	1068961	SIRcenter1pca0.0005
4380842	4380842	SIRcenter1pca0.0005
3742082	3742082	SIRcenter1pca0.0005
3901842	3901842	SIRcenter1pca0.0005
2196630	2196630	SIRcenter1pca0.0005
1654575	1654575	SIRcenter1pca0.0005
5691182	5691182	SIRcenter1pca0.0005
2114660	2114660	SIRcenter1pca0.0005
1775056	1775056	SIRcenter1pca0.0005
3354353	3354353	SIRcenter1pca0.0005
3128764	3128764	SIRcenter1pca0.0005
6007563	6007563	SIRcenter1pca0.0005
4740207	4740207	SIRcenter1pca0.0005
3712436	3712436	SIRcenter1pca0.0005
3839441	3839441	SIRcenter1pca0.0005
6021060	6021060	SIRcenter1pca0.0005
3823835	3823835	SIRcenter1pca0.0005
3523312	3523312	SIRcenter1pca0.0005
1518744	1518744	SIRcenter1pca0.0005
3234882	3234882	SIRcenter1pca0.0005
1012288	1012288	SIRcenter1pca0.0005
1511487	1511487	SIRcenter1pca0.0005
3973664	3973664	SIRcenter1pca0.0005
4171959	4171959	SIRcenter1pca0.0005
3590703	3590703	SIRcenter1pca0.0005
1640566	1640566	SIRcenter1pca0.0005
2685045	2685045	SIRcenter1pca0.0005
2634052	2634052	SIRcenter1pca0.0005
2072617	2072617	SIRcenter1pca0.0005
1586475	1586475	SIRcenter1pca0.0005
2466695	2466695	SIRcenter1pca0.0005
4105726	4105726	SIRcenter1pca0.0005
2354642	2354642	SIRcenter1pca0.0005
5559674	5559674	SIRcenter1pca0.0005
5584143	5584143	SIRcenter1pca0.0005
2869324	2869324	SIRcenter1pca0.0005
5225267	5225267	SIRcenter1pca0.0005
4451598	4451598	SIRcenter1pca0.0005
3983808	3983808	SIRcenter1pca0.0005
1462172	1462172	SIRcenter1pca0.0005
4066679	4066679	SIRcenter1pca0.0005
3417521	3417521	SIRcenter1pca0.0005
5839319	5839319	SIRcenter1pca0.0005
2924916	2924916	SIRcenter1pca0.0005
5552997	5552997	SIRcenter1pca0.0005
5011243	5011243	SIRcenter1pca0.0005
4241919	4241919	SIRcenter1pca0.0005
4669586	4669586	SIRcenter1pca0.0005
5778877	5778877	SIRcenter1pca0.0005
4101794	4101794	SIRcenter1pca0.0005
1369124	1369124	SIRcenter1pca0.0005
3044833	3044833	SIRcenter1pca0.0005
4889075	4889075	SIRcenter1pca0.0005
1699033	1699033	SIRcenter1pca0.0005
1185452	1185452	SIRcenter1pca0.0005
2035165	2035165	SIRcenter1pca0.0005
2067210	2067210	SIRcenter1pca0.0005
5375660	5375660	SIRcenter1pca0.0005
2655068	2655068	SIRcenter1pca0.0005
2212149	2212149	SIRcenter1pca0.0005
5593328	5593328	SIRcenter1pca0.0005
2439903	2439903	SIRcenter1pca0.0005
4086824	4086824	SIRcenter1pca0.0005
4813737	4813737	SIRcenter1pca0.0005
4445015	4445015	SIRcenter1pca0.0005
5760426	5760426	SIRcenter1pca0.0005
5582635	5582635	SIRcenter1pca0.0005
2825765	2825765	SIRcenter1pca0.0005
1778105	1778105	SIRcenter1pca0.0005
3753846	3753846	SIRcenter1pca0.0005
5957668	5957668	SIRcenter1pca0.0005
2394040	2394040	SIRcenter1pca0.0005
4930419	4930419	SIRcenter1pca0.0005
1889799	1889799	SIRcenter1pca0.0005
2008503	2008503	SIRcenter1pca0.0005
1965928	1965928	SIRcenter1pca0.0005
3278560	3278560	SIRcenter1pca0.0005
3302495	3302495	SIRcenter1pca0.0005
1915823	1915823	SIRcenter1pca0.0005
3988700	3988700	SIRcenter1pca0.0005
3781460	3781460	SIRcenter1pca0.0005
4501741	4501741	SIRcenter1pca0.0005
4967595	4967595	SIRcenter1pca0.0005
5756019	5756019	SIRcenter1pca0.0005
4282705	4282705	SIRcenter1pca0.0005
4131000	4131000	SIRcenter1pca0.0005
5320882	5320882	SIRcenter1pca0.0005
3202680	3202680	SIRcenter1pca0.0005
2616424	2616424	SIRcenter1pca0.0005
5266993	5266993	SIRcenter1pca0.0005
4668409	4668409	SIRcenter1pca0.0005
4614117	4614117	SIRcenter1pca0.0005
2256775	2256775	SIRcenter1pca0.0005
2066932	2066932	SIRcenter1pca0.0005
2486038	2486038	SIRcenter1pca0.0005
2623892	2623892	SIRcenter1pca0.0005
3942014	3942014	SIRcenter1pca0.0005
3019828	3019828	SIRcenter1pca0.0005
3815207	3815207	SIRcenter1pca0.0005
1000549	1000549	SIRcenter1pca0.0005
4858108	4858108	SIRcenter1pca0.0005
2675072	2675072	SIRcenter1pca0.0005
5907216	5907216	SIRcenter1pca0.0005
4306080	4306080	SIRcenter1pca0.0005
1951801	1951801	SIRcenter1pca0.0005
2302224	2302224	SIRcenter1pca0.0005
5092134	5092134	SIRcenter1pca0.0005
6012420	6012420	SIRcenter1pca0.0005
5351269	5351269	SIRcenter1pca0.0005
1495817	1495817	SIRcenter1pca0.0005
5831241	5831241	SIRcenter1pca0.0005
5672909	5672909	SIRcenter1pca0.0005
4040745	4040745	SIRcenter1pca0.0005
3911431	3911431	SIRcenter1pca0.0005
3683569	3683569	SIRcenter1pca0.0005
4296871	4296871	SIRcenter1pca0.0005
2760562	2760562	SIRcenter1pca0.0005
5019696	5019696	SIRcenter1pca0.0005
1086078	1086078	SIRcenter1pca0.0005
1185895	1185895	SIRcenter1pca0.0005
2765435	2765435	SIRcenter1pca0.0005
4483023	4483023	SIRcenter1pca0.0005
4631567	4631567	SIRcenter1pca0.0005
1654033	1654033	SIRcenter1pca0.0005
1843972	1843972	SIRcenter1pca0.0005
5047417	5047417	SIRcenter1pca0.0005
1195519	1195519	SIRcenter1pca0.0005
2748511	2748511	SIRcenter1pca0.0005
1772406	1772406	SIRcenter1pca0.0005
5570202	5570202	SIRcenter1pca0.0005
2069654	2069654	SIRcenter1pca0.0005
5176078	5176078	SIRcenter1pca0.0005
2352908	2352908	SIRcenter1pca0.0005
1907468	1907468	SIRcenter1pca0.0005
5296281	5296281	SIRcenter1pca0.0005
5418280	5418280	SIRcenter1pca0.0005
3398073	3398073	SIRcenter1pca0.0005
5173999	5173999	SIRcenter1pca0.0005
5967796	5967796	SIRcenter1pca0.0005
5413900	5413900	SIRcenter1pca0.0005
3117870	3117870	SIRcenter1pca0.0005
6013907	6013907	SIRcenter1pca0.0005
2379337	2379337	SIRcenter1pca0.0005
1421324	1421324	SIRcenter1pca0.0005
3277396	3277396	SIRcenter1pca0.0005
1629806	1629806	SIRcenter1pca0.0005
1707320	1707320	SIRcenter1pca0.0005
1250336	1250336	SIRcenter1pca0.0005
4084318	4084318	SIRcenter1pca0.0005
5566864	5566864	SIRcenter1pca0.0005
3074398	3074398	SIRcenter1pca0.0005
5842029	5842029	SIRcenter1pca0.0005
2532251	2532251	SIRcenter1pca0.0005
3144457	3144457	SIRcenter1pca0.0005
4551178	4551178	SIRcenter1pca0.0005
5266284	5266284	SIRcenter1pca0.0005
3001242	3001242	SIRcenter1pca0.0005
4501806	4501806	SIRcenter1pca0.0005
4239293	4239293	SIRcenter1pca0.0005
5764078	5764078	SIRcenter1pca0.0005
2423472	2423472	SIRcenter1pca0.0005
2923630	2923630	SIRcenter1pca0.0005
1148628	1148628	SIRcenter1pca0.0005
1438700	1438700	SIRcenter1pca0.0005
3248398	3248398	SIRcenter1pca0.0005
1516992	1516992	SIRcenter1pca0.0005
4351436	4351436	SIRcenter1pca0.0005
4360204	4360204	SIRcenter1pca0.0005
4668023	4668023	SIRcenter1pca0.0005
3271828	3271828	SIRcenter1pca0.0005
2691572	2691572	SIRcenter1pca0.0005
5764450	5764450	SIRcenter1pca0.0005
3166661	3166661	SIRcenter1pca0.0005
1121252	1121252	SIRcenter1pca0.0005
4000405	4000405	SIRcenter1pca0.0005
4862349	4862349	SIRcenter1pca0.0005
5423127	5423127	SIRcenter1pca0.0005
4320690	4320690	SIRcenter1pca0.0005
3614344	3614344	SIRcenter1pca0.0005
2343945	2343945	SIRcenter1pca0.0005
1608999	1608999	SIRcenter1pca0.0005
2308689	2308689	SIRcenter1pca0.0005
4610742	4610742	SIRcenter1pca0.0005
3515308	3515308	SIRcenter1pca0.0005
4738625	4738625	SIRcenter1pca0.0005
2709297	2709297	SIRcenter1pca0.0005
1089374	1089374	SIRcenter1pca0.0005
5745711	5745711	SIRcenter1pca0.0005
4267757	4267757	SIRcenter1pca0.0005
1486746	1486746	SIRcenter1pca0.0005
2621247	2621247	SIRcenter1pca0.0005
4233979	4233979	SIRcenter1pca0.0005
2379147	2379147	SIRcenter1pca0.0005
4101088	4101088	SIRcenter1pca0.0005
4318224	4318224	SIRcenter1pca0.0005
2093975	2093975	SIRcenter1pca0.0005
4753869	4753869	SIRcenter1pca0.0005
2785982	2785982	SIRcenter1pca0.0005
1156147	1156147	SIRcenter1pca0.0005
2034835	2034835	SIRcenter1pca0.0005
2631597	2631597	SIRcenter1pca0.0005
5617629	5617629	SIRcenter1pca0.0005
2841065	2841065	SIRcenter1pca0.0005
4668409	4668409	SIRcenter1pca0.0005
1364736	1364736	SIRcenter1pca0.0005
2598113	2598113	SIRcenter1pca0.0005
2285677	2285677	SIRcenter1pca0.0005
1666733	1666733	SIRcenter1pca0.0005
2197982	2197982	SIRcenter1pca0.0005
3399966	3399966	SIRcenter1pca0.0005
1480911	1480911	SIRcenter1pca0.0005
3564353	3564353	SIRcenter1pca0.0005
3336014	3336014	SIRcenter1pca0.0005
4387968	4387968	SIRcenter1pca0.0005
4046924	4046924	SIRcenter1pca0.0005
4467093	4467093	SIRcenter1pca0.0005
3371362	3371362	SIRcenter1pca0.0005
1123600	1123600	SIRcenter1pca0.0005
4811021	4811021	SIRcenter1pca0.0005
5060180	5060180	SIRcenter1pca0.0005
3850004	3850004	SIRcenter1pca0.0005
1889947	1889947	SIRcenter1pca0.0005
2434412	2434412	SIRcenter1pca0.0005
1099712	1099712	SIRcenter1pca0.0005
3618223	3618223	SIRcenter1pca0.0005
1336335	1336335	SIRcenter1pca0.0005
2739808	2739808	SIRcenter1pca0.0005
1342512	1342512	SIRcenter1pca0.0005
2712206	2712206	SIRcenter1pca0.0005
1481180	1481180	SIRcenter1pca0.0005
3379645	3379645	SIRcenter1pca0.0005
3210812	3210812	SIRcenter1pca0.0005
5302071	5302071	SIRcenter1pca0.0005
4835753	4835753	SIRcenter1pca0.0005
3112083	3112083	SIRcenter1pca0.0005
5088499	5088499	SIRcenter1pca0.0005
5321476	5321476	SIRcenter1pca0.0005
2977627	2977627	SIRcenter1pca0.0005
3848245	3848245	SIRcenter1pca0.0005
4674196	4674196	SIRcenter1pca0.0005
3405944	3405944	SIRcenter1pca0.0005
5276559	5276559	SIRcenter1pca0.0005
2308468	2308468	SIRcenter1pca0.0005
3963654	3963654	SIRcenter1pca0.0005
3649496	3649496	SIRcenter1pca0.0005
3923088	3923088	SIRcenter1pca0.0005
4797608	4797608	SIRcenter1pca0.0005
4956991	4956991	SIRcenter1pca0.0005
4790422	4790422	SIRcenter1pca0.0005
5203514	5203514	SIRcenter1pca0.0005
3920647	3920647	SIRcenter1pca0.0005
4341310	4341310	SIRcenter1pca0.0005
2890973	2890973	SIRcenter1pca0.0005
1100288	1100288	SIRcenter1pca0.0005
2664474	2664474	SIRcenter1pca0.0005
3911973	3911973	SIRcenter1pca0.0005
4969559	4969559	SIRcenter1pca0.0005
5323911	5323911	SIRcenter1pca0.0005
5243379	5243379	SIRcenter1pca0.0005
1084217	1084217	SIRcenter1pca0.0005
5196754	5196754	SIRcenter1pca0.0005
5334797	5334797	SIRcenter1pca0.0005
1097955	1097955	SIRcenter1pca0.0005
3641035	3641035	SIRcenter1pca0.0005
1552835	1552835	SIRcenter1pca0.0005
3326322	3326322	SIRcenter1pca0.0005
2025738	2025738	SIRcenter1pca0.0005
2733621	2733621	SIRcenter1pca0.0005
1446792	1446792	SIRcenter1pca0.0005
5156101	5156101	SIRcenter1pca0.0005
4869015	4869015	SIRcenter1pca0.0005
1810469	1810469	SIRcenter1pca0.0005
5019696	5019696	SIRcenter1pca0.0005
3929300	3929300	SIRcenter1pca0.0005
4154072	4154072	SIRcenter1pca0.0005
3974368	3974368	SIRcenter1pca0.0005
1578503	1578503	SIRcenter1pca0.0005
5736605	5736605	SIRcenter1pca0.0005
4058240	4058240	SIRcenter1pca0.0005
3023266	3023266	SIRcenter1pca0.0005
2199465	2199465	SIRcenter1pca0.0005
3120416	3120416	SIRcenter1pca0.0005
3301868	3301868	SIRcenter1pca0.0005
2898616	2898616	SIRcenter1pca0.0005
3260181	3260181	SIRcenter1pca0.0005
5730385	5730385	SIRcenter1pca0.0005
4576827	4576827	SIRcenter1pca0.0005
1071190	1071190	SIRcenter1pca0.0005
5709684	5709684	SIRcenter1pca0.0005
3413690	3413690	SIRcenter1pca0.0005
5602897	5602897	SIRcenter1pca0.0005
1439434	1439434	SIRcenter1pca0.0005
4235326	4235326	SIRcenter1pca0.0005
3564353	3564353	SIRcenter1pca0.0005
4294021	4294021	SIRcenter1pca0.0005
3324259	3324259	SIRcenter1pca0.0005
1832307	1832307	SIRcenter1pca0.0005
1217762	1217762	SIRcenter1pca0.0005
2402092	2402092	SIRcenter1pca0.0005
5071379	5071379	SIRcenter1pca0.0005
1629438	1629438	SIRcenter1pca0.0005
1834231	1834231	SIRcenter1pca0.0005
2164275	2164275	SIRcenter1pca0.0005
2654358	2654358	SIRcenter1pca0.0005
3893170	3893170	SIRcenter1pca0.0005
1414729	1414729	SIRcenter1pca0.0005
2391453	2391453	SIRcenter1pca0.0005
2926920	2926920	SIRcenter1pca0.0005
2168941	2168941	SIRcenter1pca0.0005
6008151	6008151	SIRcenter1pca0.0005
5967796	5967796	SIRcenter1pca0.0005
1927399	1927399	SIRcenter1pca0.0005
1033378	1033378	SIRcenter1pca0.0005
6008151	6008151	SIRcenter1pca0.0005
4494351	4494351	SIRcenter1pca0.0005
4818267	4818267	SIRcenter1pca0.0005
1855416	1855416	SIRcenter1pca0.0005
5141162	5141162	SIRcenter1pca0.0005
3211390	3211390	SIRcenter1pca0.0005
5765099	5765099	SIRcenter1pca0.0005
1555609	1555609	SIRcenter1pca0.0005
2715621	2715621	SIRcenter1pca0.0005
5698311	5698311	SIRcenter1pca0.0005
5262311	5262311	SIRcenter1pca0.0005
2891781	2891781	SIRcenter1pca0.0005
3526360	3526360	SIRcenter1pca0.0005
4445389	4445389	SIRcenter1pca0.0005
2381693	2381693	SIRcenter1pca0.0005
4146746	4146746	SIRcenter1pca0.0005
1257936	1257936	SIRcenter1pca0.0005
5801931	5801931	SIRcenter1pca0.0005
3753878	3753878	SIRcenter1pca0.0005
5452072	5452072	SIRcenter1pca0.0005
5557025	5557025	SIRcenter1pca0.0005
1692280	1692280	SIRcenter1pca0.0005
3140156	3140156	SIRcenter1pca0.0005
4154398	4154398	SIRcenter1pca0.0005
5867923	5867923	SIRcenter1pca0.0005
4249113	4249113	SIRcenter1pca0.0005
1826012	1826012	SIRcenter1pca0.0005
3310955	3310955	SIRcenter1pca0.0005
4987525	4987525	SIRcenter1pca0.0005
1699103	1699103	SIRcenter1pca0.0005
4669586	4669586	SIRcenter1pca0.0005
4523293	4523293	SIRcenter1pca0.0005
1652821	1652821	SIRcenter1pca0.0005
1070284	1070284	SIRcenter1pca0.0005
5765970	5765970	SIRcenter1pca0.0005
4259702	4259702	SIRcenter1pca0.0005
4017207	4017207	SIRcenter1pca0.0005
3396612	3396612	SIRcenter1pca0.0005
2883881	2883881	SIRcenter1pca0.0005
1436625	1436625	SIRcenter1pca0.0005
1462172	1462172	SIRcenter1pca0.0005
4727686	4727686	SIRcenter1pca0.0005
4007531	4007531	SIRcenter1pca0.0005
2892777	2892777	SIRcenter1pca0.0005
1614602	1614602	SIRcenter1pca0.0005
3671900	3671900	SIRcenter1pca0.0005
3524249	3524249	SIRcenter1pca0.0005
5712465	5712465	SIRcenter1pca0.0005
1508772	1508772	SIRcenter1pca0.0005
3208635	3208635	SIRcenter1pca0.0005
5701698	5701698	SIRcenter1pca0.0005
2363794	2363794	SIRcenter1pca0.0005
3888847	3888847	SIRcenter1pca0.0005
1560167	1560167	SIRcenter1pca0.0005
4444922	4444922	SIRcenter1pca0.0005
3343298	3343298	SIRcenter1pca0.0005
4423597	4423597	SIRcenter1pca0.0005
5743039	5743039	SIRcenter1pca0.0005
3052257	3052257	SIRcenter1pca0.0005
3001778	3001778	SIRcenter1pca0.0005
4704903	4704903	SIRcenter1pca0.0005
5717240	5717240	SIRcenter1pca0.0005
3753878	3753878	SIRcenter1pca0.0005
1952739	1952739	SIRcenter1pca0.0005
2093524	2093524	SIRcenter1pca0.0005
1668777	1668777	SIRcenter1pca0.0005
1367113	1367113	SIRcenter1pca0.0005
5047706	5047706	SIRcenter1pca0.0005
2742679	2742679	SIRcenter1pca0.0005
5825398	5825398	SIRcenter1pca0.0005
4257706	4257706	SIRcenter1pca0.0005
4804655	4804655	SIRcenter1pca0.0005
3152495	3152495	SIRcenter1pca0.0005
3747353	3747353	SIRcenter1pca0.0005
4570395	4570395	SIRcenter1pca0.0005
4883123	4883123	SIRcenter1pca0.0005
2268557	2268557	SIRcenter1pca0.0005
4434408	4434408	SIRcenter1pca0.0005
1547866	1547866	SIRcenter1pca0.0005
2362185	2362185	SIRcenter1pca0.0005
1697975	1697975	SIRcenter1pca0.0005
1389365	1389365	SIRcenter1pca0.0005
5691275	5691275	SIRcenter1pca0.0005
4209794	4209794	SIRcenter1pca0.0005
1183769	1183769	SIRcenter1pca0.0005
2977355	2977355	SIRcenter1pca0.0005
4518496	4518496	SIRcenter1pca0.0005
4928427	4928427	SIRcenter1pca0.0005
3529728	3529728	SIRcenter1pca0.0005
2742618	2742618	SIRcenter1pca0.0005
2784755	2784755	SIRcenter1pca0.0005
4978150	4978150	SIRcenter1pca0.0005
5722716	5722716	SIRcenter1pca0.0005
5484271	5484271	SIRcenter1pca0.0005
3173564	3173564	SIRcenter1pca0.0005
4075305	4075305	SIRcenter1pca0.0005
1774405	1774405	SIRcenter1pca0.0005
2654358	2654358	SIRcenter1pca0.0005
4697903	4697903	SIRcenter1pca0.0005
1613564	1613564	SIRcenter1pca0.0005
1470945	1470945	SIRcenter1pca0.0005
4026508	4026508	SIRcenter1pca0.0005
1418641	1418641	SIRcenter1pca0.0005
1350847	1350847	SIRcenter1pca0.0005
4802078	4802078	SIRcenter1pca0.0005
2925693	2925693	SIRcenter1pca0.0005
5269848	5269848	SIRcenter1pca0.0005
2883431	2883431	SIRcenter1pca0.0005
3848520	3848520	SIRcenter1pca0.0005
3083393	3083393	SIRcenter1pca0.0005
2533392	2533392	SIRcenter1pca0.0005
2573717	2573717	SIRcenter1pca0.0005
1229056	1229056	SIRcenter1pca0.0005
2569134	2569134	SIRcenter1pca0.0005
3590505	3590505	SIRcenter1pca0.0005
1402542	1402542	SIRcenter1pca0.0005
2886749	2886749	SIRcenter1pca0.0005
3172227	3172227	SIRcenter1pca0.0005
5830684	5830684	SIRcenter1pca0.0005
1044730	1044730	SIRcenter1pca0.0005
2044563	2044563	SIRcenter1pca0.0005
4264495	4264495	SIRcenter1pca0.0005
4065257	4065257	SIRcenter1pca0.0005
3540417	3540417	SIRcenter1pca0.0005
3048534	3048534	SIRcenter1pca0.0005
1718788	1718788	SIRcenter1pca0.0005
2344703	2344703	SIRcenter1pca0.0005
5915918	5915918	SIRcenter1pca0.0005
3841361	3841361	SIRcenter1pca0.0005
5571324	5571324	SIRcenter1pca0.0005
5196600	5196600	SIRcenter1pca0.0005
2798601	2798601	SIRcenter1pca0.0005
3475579	3475579	SIRcenter1pca0.0005
5666697	5666697	SIRcenter1pca0.0005
1038350	1038350	SIRcenter1pca0.0005
4098683	4098683	SIRcenter1pca0.0005
4427865	4427865	SIRcenter1pca0.0005
3429967	3429967	SIRcenter1pca0.0005
4979712	4979712	SIRcenter1pca0.0005
5387750	5387750	SIRcenter1pca0.0005
2691682	2691682	SIRcenter1pca0.0005
3143218	3143218	SIRcenter1pca0.0005
1849277	1849277	SIRcenter1pca0.0005
2102856	2102856	SIRcenter1pca0.0005
4804099	4804099	SIRcenter1pca0.0005
4768467	4768467	SIRcenter1pca0.0005
3003543	3003543	SIRcenter1pca0.0005
1876712	1876712	SIRcenter1pca0.0005
1456513	1456513	SIRcenter1pca0.0005
4193293	4193293	SIRcenter1pca0.0005
2029221	2029221	SIRcenter1pca0.0005
5201713	5201713	SIRcenter1pca0.0005
3509155	3509155	SIRcenter1pca0.0005
5077929	5077929	SIRcenter1pca0.0005
3005647	3005647	SIRcenter1pca0.0005
5672208	5672208	SIRcenter1pca0.0005
4054358	4054358	SIRcenter1pca0.0005
4990374	4990374	SIRcenter1pca0.0005
3466922	3466922	SIRcenter1pca0.0005
5533474	5533474	SIRcenter1pca0.0005
1052328	1052328	SIRcenter1pca0.0005
5531292	5531292	SIRcenter1pca0.0005
1006605	1006605	SIRcenter1pca0.0005
2559978	2559978	SIRcenter1pca0.0005
5546524	5546524	SIRcenter1pca0.0005
3617858	3617858	SIRcenter1pca0.0005
5772884	5772884	SIRcenter1pca0.0005
5423607	5423607	SIRcenter1pca0.0005
4344492	4344492	SIRcenter1pca0.0005
2342887	2342887	SIRcenter1pca0.0005
3691262	3691262	SIRcenter1pca0.0005
3080167	3080167	SIRcenter1pca0.0005
5043919	5043919	SIRcenter1pca0.0005
1177867	1177867	SIRcenter1pca0.0005
2281485	2281485	SIRcenter1pca0.0005
2852254	2852254	SIRcenter1pca0.0005
2762041	2762041	SIRcenter1pca0.0005
1362855	1362855	SIRcenter1pca0.0005
1394084	1394084	SIRcenter1pca0.0005
4702685	4702685	SIRcenter1pca0.0005
4084019	4084019	SIRcenter1pca0.0005
4427712	4427712	SIRcenter1pca0.0005
4893518	4893518	SIRcenter1pca0.0005
4206826	4206826	SIRcenter1pca0.0005
1409194	1409194	SIRcenter1pca0.0005
2408627	2408627	SIRcenter1pca0.0005
1252069	1252069	SIRcenter1pca0.0005
5580991	5580991	SIRcenter1pca0.0005
3988515	3988515	SIRcenter1pca0.0005
5473822	5473822	SIRcenter1pca0.0005
4477257	4477257	SIRcenter1pca0.0005
1224946	1224946	SIRcenter1pca0.0005
4964375	4964375	SIRcenter1pca0.0005
1543640	1543640	SIRcenter1pca0.0005
2941035	2941035	SIRcenter1pca0.0005
1947738	1947738	SIRcenter1pca0.0005
4966650	4966650	SIRcenter1pca0.0005
1471631	1471631	SIRcenter1pca0.0005
4464107	4464107	SIRcenter1pca0.0005
3005942	3005942	SIRcenter1pca0.0005
4600203	4600203	SIRcenter1pca0.0005
4552357	4552357	SIRcenter1pca0.0005
1782586	1782586	SIRcenter1pca0.0005
3202710	3202710	SIRcenter1pca0.0005
2879687	2879687	SIRcenter1pca0.0005
1993124	1993124	SIRcenter1pca0.0005
5027674	5027674	SIRcenter1pca0.0005
5258436	5258436	SIRcenter1pca0.0005
5362422	5362422	SIRcenter1pca0.0005
3215388	3215388	SIRcenter1pca0.0005
2118232	2118232	SIRcenter1pca0.0005
4143413	4143413	SIRcenter1pca0.0005
1832411	1832411	SIRcenter1pca0.0005
2511900	2511900	SIRcenter1pca0.0005
2179752	2179752	SIRcenter1pca0.0005
2457080	2457080	SIRcenter1pca0.0005
1255433	1255433	SIRcenter1pca0.0005
3246699	3246699	SIRcenter1pca0.0005
5632640	5632640	SIRcenter1pca0.0005
4450810	4450810	SIRcenter1pca0.0005
3797455	3797455	SIRcenter1pca0.0005
3854515	3854515	SIRcenter1pca0.0005
4259233	4259233	SIRcenter1pca0.0005
4759807	4759807	SIRcenter1pca0.0005
1610357	1610357	SIRcenter1pca0.0005
3983808	3983808	SIRcenter1pca0.0005
3027751	3027751	SIRcenter1pca0.0005
5252152	5252152	SIRcenter1pca0.0005
3795078	3795078	SIRcenter1pca0.0005
1195016	1195016	SIRcenter1pca0.0005
5091395	5091395	SIRcenter1pca0.0005
3501671	3501671	SIRcenter1pca0.0005
2206923	2206923	SIRcenter1pca0.0005
1506855	1506855	SIRcenter1pca0.0005
2927587	2927587	SIRcenter1pca0.0005
5201734	5201734	SIRcenter1pca0.0005
3925927	3925927	SIRcenter1pca0.0005
2692809	2692809	SIRcenter1pca0.0005
4678899	4678899	SIRcenter1pca0.0005
1549972	1549972	SIRcenter1pca0.0005
5737887	5737887	SIRcenter1pca0.0005
1513788	1513788	SIRcenter1pca0.0005
5798729	5798729	SIRcenter1pca0.0005
4723158	4723158	SIRcenter1pca0.0005
2683554	2683554	SIRcenter1pca0.0005
1856947	1856947	SIRcenter1pca0.0005
5295826	5295826	SIRcenter1pca0.0005
5202489	5202489	SIRcenter1pca0.0005
3012932	3012932	SIRcenter1pca0.0005
3295478	3295478	SIRcenter1pca0.0005
3748476	3748476	SIRcenter1pca0.0005
5764450	5764450	SIRcenter1pca0.0005
1342143	1342143	SIRcenter1pca0.0005
5031102	5031102	SIRcenter1pca0.0005
4371133	4371133	SIRcenter1pca0.0005
5313121	5313121	SIRcenter1pca0.0005
2276581	2276581	SIRcenter1pca0.0005
2390610	2390610	SIRcenter1pca0.0005
5958947	5958947	SIRcenter1pca0.0005
3311563	3311563	SIRcenter1pca0.0005
5117316	5117316	SIRcenter1pca0.0005
3820323	3820323	SIRcenter1pca0.0005
4436405	4436405	SIRcenter1pca0.0005
1889105	1889105	SIRcenter1pca0.0005
3671900	3671900	SIRcenter1pca0.0005
2736447	2736447	SIRcenter1pca0.0005
5011956	5011956	SIRcenter1pca0.0005
1700856	1700856	SIRcenter1pca0.0005
1408249	1408249	SIRcenter1pca0.0005
5672239	5672239	SIRcenter1pca0.0005
3893170	3893170	SIRcenter1pca0.0005
3929885	3929885	SIRcenter1pca0.0005
1094477	1094477	SIRcenter1pca0.0005
3405729	3405729	SIRcenter1pca0.0005
1753248	1753248	SIRcenter1pca0.0005
2904023	2904023	SIRcenter1pca0.0005
5903310	5903310	SIRcenter1pca0.0005
2067210	2067210	SIRcenter1pca0.0005
1151989	1151989	SIRcenter1pca0.0005
4490900	4490900	SIRcenter1pca0.0005
5799232	5799232	SIRcenter1pca0.0005
5842602	5842602	SIRcenter1pca0.0005
2772959	2772959	SIRcenter1pca0.0005
5535112	5535112	SIRcenter1pca0.0005
5962083	5962083	SIRcenter1pca0.0005
5053555	5053555	SIRcenter1pca0.0005
2381693	2381693	SIRcenter1pca0.0005
3647883	3647883	SIRcenter1pca0.0005
2497555	2497555	SIRcenter1pca0.0005
2765773	2765773	SIRcenter1pca0.0005
1193281	1193281	SIRcenter1pca0.0005
3919162	3919162	SIRcenter1pca0.0005
3871394	3871394	SIRcenter1pca0.0005
4731227	4731227	SIRcenter1pca0.0005
2770712	2770712	SIRcenter1pca0.0005
3615870	3615870	SIRcenter1pca0.0005
2178857	2178857	SIRcenter1pca0.0005
5918735	5918735	SIRcenter1pca0.0005
3737677	3737677	SIRcenter1pca0.0005
3922539	3922539	SIRcenter1pca0.0005
4558852	4558852	SIRcenter1pca0.0005
3679419	3679419	SIRcenter1pca0.0005
4516654	4516654	SIRcenter1pca0.0005
3880329	3880329	SIRcenter1pca0.0005
4525589	4525589	SIRcenter1pca0.0005
1795299	1795299	SIRcenter1pca0.0005
1916487	1916487	SIRcenter1pca0.0005
4647063	4647063	SIRcenter1pca0.0005
1498032	1498032	SIRcenter1pca0.0005
2837028	2837028	SIRcenter1pca0.0005
2197523	2197523	SIRcenter1pca0.0005
5096885	5096885	SIRcenter1pca0.0005
2937773	2937773	SIRcenter1pca0.0005
4816937	4816937	SIRcenter1pca0.0005
1725504	1725504	SIRcenter1pca0.0005
1420363	1420363	SIRcenter1pca0.0005
4300802	4300802	SIRcenter1pca0.0005
1813270	1813270	SIRcenter1pca0.0005
2378812	2378812	SIRcenter1pca0.0005
3471016	3471016	SIRcenter1pca0.0005
1430358	1430358	SIRcenter1pca0.0005
5087746	5087746	SIRcenter1pca0.0005
1339506	1339506	SIRcenter1pca0.0005
5165934	5165934	SIRcenter1pca0.0005
4809189	4809189	SIRcenter1pca0.0005
1274053	1274053	SIRcenter1pca0.0005
5707117	5707117	SIRcenter1pca0.0005
4500723	4500723	SIRcenter1pca0.0005
3483870	3483870	SIRcenter1pca0.0005
4026508	4026508	SIRcenter1pca0.0005
4717547	4717547	SIRcenter1pca0.0005
4865392	4865392	SIRcenter1pca0.0005
1157913	1157913	SIRcenter1pca0.0005
2867424	2867424	SIRcenter1pca0.0005
5685247	5685247	SIRcenter1pca0.0005
4173996	4173996	SIRcenter1pca0.0005
4413655	4413655	SIRcenter1pca0.0005
4961977	4961977	SIRcenter1pca0.0005
3902230	3902230	SIRcenter1pca0.0005
2509029	2509029	SIRcenter1pca0.0005
5605496	5605496	SIRcenter1pca0.0005
4517879	4517879	SIRcenter1pca0.0005
4997436	4997436	SIRcenter1pca0.0005
1908006	1908006	SIRcenter1pca0.0005
4719778	4719778	SIRcenter1pca0.0005
4013437	4013437	SIRcenter1pca0.0005
1861298	1861298	SIRcenter1pca0.0005
2072003	2072003	SIRcenter1pca0.0005
2194785	2194785	SIRcenter1pca0.0005
5079217	5079217	SIRcenter1pca0.0005
3464900	3464900	SIRcenter1pca0.0005
3791818	3791818	SIRcenter1pca0.0005
1074222	1074222	SIRcenter1pca0.0005
1531904	1531904	SIRcenter1pca0.0005
2902132	2902132	SIRcenter1pca0.0005
5821942	5821942	SIRcenter1pca0.0005
3032860	3032860	SIRcenter1pca0.0005
2332271	2332271	SIRcenter1pca0.0005
2124509	2124509	SIRcenter1pca0.0005
2826873	2826873	SIRcenter1pca0.0005
4390790	4390790	SIRcenter1pca0.0005
1650147	1650147	SIRcenter1pca0.0005
3791910	3791910	SIRcenter1pca0.0005
2353563	2353563	SIRcenter1pca0.0005
2055476	2055476	SIRcenter1pca0.0005
3868897	3868897	SIRcenter1pca0.0005
3537998	3537998	SIRcenter1pca0.0005
3225510	3225510	SIRcenter1pca0.0005
1063940	1063940	SIRcenter1pca0.0005
1759104	1759104	SIRcenter1pca0.0005
2736789	2736789	SIRcenter1pca0.0005
2556638	2556638	SIRcenter1pca0.0005
3142690	3142690	SIRcenter1pca0.0005
2996423	2996423	SIRcenter1pca0.0005
2145396	2145396	SIRcenter1pca0.0005
5040563	5040563	SIRcenter1pca0.0005
5893751	5893751	SIRcenter1pca0.0005
3314182	3314182	SIRcenter1pca0.0005
5615758	5615758	SIRcenter1pca0.0005
2166752	2166752	SIRcenter1pca0.0005
3792139	3792139	SIRcenter1pca0.0005
4413196	4413196	SIRcenter1pca0.0005
4436405	4436405	SIRcenter1pca0.0005
3781643	3781643	SIRcenter1pca0.0005
5805967	5805967	SIRcenter1pca0.0005
1665917	1665917	SIRcenter1pca0.0005
1694541	1694541	SIRcenter1pca0.0005
1175572	1175572	SIRcenter1pca0.0005
3504479	3504479	SIRcenter1pca0.0005
5559745	5559745	SIRcenter1pca0.0005
1161454	1161454	SIRcenter1pca0.0005
3664178	3664178	SIRcenter1pca0.0005
3566970	3566970	SIRcenter1pca0.0005
2209786	2209786	SIRcenter1pca0.0005
5778556	5778556	SIRcenter1pca0.0005
5999565	5999565	SIRcenter1pca0.0005
2428529	2428529	SIRcenter1pca0.0005
5403174	5403174	SIRcenter1pca0.0005
5774454	5774454	SIRcenter1pca0.0005
1210802	1210802	SIRcenter1pca0.0005
1472416	1472416	SIRcenter1pca0.0005
1117020	1117020	SIRcenter1pca0.0005
1145420	1145420	SIRcenter1pca0.0005
3844055	3844055	SIRcenter1pca0.0005
2906264	2906264	SIRcenter1pca0.0005
3647842	3647842	SIRcenter1pca0.0005
2459613	2459613	SIRcenter1pca0.0005
5418280	5418280	SIRcenter1pca0.0005
1153014	1153014	SIRcenter1pca0.0005
2453252	2453252	SIRcenter1pca0.0005
1627214	1627214	SIRcenter1pca0.0005
5541495	5541495	SIRcenter1pca0.0005
3156201	3156201	SIRcenter1pca0.0005
3739342	3739342	SIRcenter1pca0.0005
5800492	5800492	SIRcenter1pca0.0005
2631417	2631417	SIRcenter1pca0.0005
2812906	2812906	SIRcenter1pca0.0005
3447299	3447299	SIRcenter1pca0.0005
1428994	1428994	SIRcenter1pca0.0005
4401709	4401709	SIRcenter1pca0.0005
1552835	1552835	SIRcenter1pca0.0005
5131714	5131714	SIRcenter1pca0.0005
1149888	1149888	SIRcenter1pca0.0005
1468597	1468597	SIRcenter1pca0.0005
5120342	5120342	SIRcenter1pca0.0005
3292303	3292303	SIRcenter1pca0.0005
5351858	5351858	SIRcenter1pca0.0005
2959744	2959744	SIRcenter1pca0.0005
4071472	4071472	SIRcenter1pca0.0005
1645771	1645771	SIRcenter1pca0.0005
3286124	3286124	SIRcenter1pca0.0005
2842225	2842225	SIRcenter1pca0.0005
1431581	1431581	SIRcenter1pca0.0005
6018817	6018817	SIRcenter1pca0.0005
5877458	5877458	SIRcenter1pca0.0005
4416273	4416273	SIRcenter1pca0.0005
4950906	4950906	SIRcenter1pca0.0005
1176070	1176070	SIRcenter1pca0.0005
4345058	4345058	SIRcenter1pca0.0005
5922554	5922554	SIRcenter1pca0.0005
5804524	5804524	SIRcenter1pca0.0005
4627597	4627597	SIRcenter1pca0.0005
1575332	1575332	SIRcenter1pca0.0005
3754310	3754310	SIRcenter1pca0.0005
2022625	2022625	SIRcenter1pca0.0005
4295352	4295352	SIRcenter1pca0.0005
4478304	4478304	SIRcenter1pca0.0005
2240243	2240243	SIRcenter1pca0.0005
1229194	1229194	SIRcenter1pca0.0005
1216080	1216080	SIRcenter1pca0.0005
4501346	4501346	SIRcenter1pca0.0005
4436405	4436405	SIRcenter1pca0.0005
4022485	4022485	SIRcenter1pca0.0005
2206299	2206299	SIRcenter1pca0.0005
4902012	4902012	SIRcenter1pca0.0005
1395650	1395650	SIRcenter1pca0.0005
6021060	6021060	SIRcenter1pca0.0005
1280232	1280232	SIRcenter1pca0.0005
1123353	1123353	SIRcenter1pca0.0005
4532868	4532868	SIRcenter1pca0.0005
5307304	5307304	SIRcenter1pca0.0005
2712326	2712326	SIRcenter1pca0.0005
3024502	3024502	SIRcenter1pca0.0005
2747893	2747893	SIRcenter1pca0.0005
1346179	1346179	SIRcenter1pca0.0005
5522384	5522384	SIRcenter1pca0.0005
5059204	5059204	SIRcenter1pca0.0005
3214321	3214321	SIRcenter1pca0.0005
1574428	1574428	SIRcenter1pca0.0005
3017711	3017711	SIRcenter1pca0.0005
2907056	2907056	SIRcenter1pca0.0005
5263076	5263076	SIRcenter1pca0.0005
2756954	2756954	SIRcenter1pca0.0005
5189460	5189460	SIRcenter1pca0.0005
1447133	1447133	SIRcenter1pca0.0005
4176554	4176554	SIRcenter1pca0.0005
4452015	4452015	SIRcenter1pca0.0005
3221881	3221881	SIRcenter1pca0.0005
5381733	5381733	SIRcenter1pca0.0005
3615671	3615671	SIRcenter1pca0.0005
2150018	2150018	SIRcenter1pca0.0005
4611060	4611060	SIRcenter1pca0.0005
1463420	1463420	SIRcenter1pca0.0005
4233979	4233979	SIRcenter1pca0.0005
2476492	2476492	SIRcenter1pca0.0005
5018414	5018414	SIRcenter1pca0.0005
1815226	1815226	SIRcenter1pca0.0005
2841065	2841065	SIRcenter1pca0.0005
3947269	3947269	SIRcenter1pca0.0005
3345150	3345150	SIRcenter1pca0.0005
5667958	5667958	SIRcenter1pca0.0005
2186472	2186472	SIRcenter1pca0.0005
5347890	5347890	SIRcenter1pca0.0005
5284234	5284234	SIRcenter1pca0.0005
3207647	3207647	SIRcenter1pca0.0005
1640045	1640045	SIRcenter1pca0.0005
3188630	3188630	SIRcenter1pca0.0005
5773998	5773998	SIRcenter1pca0.0005
2591752	2591752	SIRcenter1pca0.0005
1656942	1656942	SIRcenter1pca0.0005
4859871	4859871	SIRcenter1pca0.0005
4927338	4927338	SIRcenter1pca0.0005
5310340	5310340	SIRcenter1pca0.0005
3286124	3286124	SIRcenter1pca0.0005
3054065	3054065	SIRcenter1pca0.0005
1008829	1008829	SIRcenter1pca0.0005
2580420	2580420	SIRcenter1pca0.0005
5365677	5365677	SIRcenter1pca0.0005
5557333	5557333	SIRcenter1pca0.0005
2768859	2768859	SIRcenter1pca0.0005
1438433	1438433	SIRcenter1pca0.0005
3798904	3798904	SIRcenter1pca0.0005
4127800	4127800	SIRcenter1pca0.0005
3308038	3308038	SIRcenter1pca0.0005
2245846	2245846	SIRcenter1pca0.0005
1286932	1286932	SIRcenter1pca0.0005
1652525	1652525	SIRcenter1pca0.0005
4235043	4235043	SIRcenter1pca0.0005
1390061	1390061	SIRcenter1pca0.0005
2271248	2271248	SIRcenter1pca0.0005
5116215	5116215	SIRcenter1pca0.0005
2157662	2157662	SIRcenter1pca0.0005
4483442	4483442	SIRcenter1pca0.0005
5865849	5865849	SIRcenter1pca0.0005
4120634	4120634	SIRcenter1pca0.0005
4903797	4903797	SIRcenter1pca0.0005
5780123	5780123	SIRcenter1pca0.0005
3432697	3432697	SIRcenter1pca0.0005
4546001	4546001	SIRcenter1pca0.0005
2825336	2825336	SIRcenter1pca0.0005
1808810	1808810	SIRcenter1pca0.0005
4979268	4979268	SIRcenter1pca0.0005
4734201	4734201	SIRcenter1pca0.0005
2417394	2417394	SIRcenter1pca0.0005
4205072	4205072	SIRcenter1pca0.0005
5032886	5032886	SIRcenter1pca0.0005
4872621	4872621	SIRcenter1pca0.0005
4859871	4859871	SIRcenter1pca0.0005
3980784	3980784	SIRcenter1pca0.0005
4642708	4642708	SIRcenter1pca0.0005
4264867	4264867	SIRcenter1pca0.0005
2882786	2882786	SIRcenter1pca0.0005
2790821	2790821	SIRcenter1pca0.0005
1627220	1627220	SIRcenter1pca0.0005
1076541	1076541	SIRcenter1pca0.0005
3186806	3186806	SIRcenter1pca0.0005
2726364	2726364	SIRcenter1pca0.0005
3101400	3101400	SIRcenter1pca0.0005
2717899	2717899	SIRcenter1pca0.0005
5545633	5545633	SIRcenter1pca0.0005
3656894	3656894	SIRcenter1pca0.0005
1088492	1088492	SIRcenter1pca0.0005
5375752	5375752	SIRcenter1pca0.0005
2860631	2860631	SIRcenter1pca0.0005
4907235	4907235	SIRcenter1pca0.0005
3575871	3575871	SIRcenter1pca0.0005
3551079	3551079	SIRcenter1pca0.0005
3188630	3188630	SIRcenter1pca0.0005
1030452	1030452	SIRcenter1pca0.0005
5490566	5490566	SIRcenter1pca0.0005
1880471	1880471	SIRcenter1pca0.0005
3034382	3034382	SIRcenter1pca0.0005
3247445	3247445	SIRcenter1pca0.0005
1340696	1340696	SIRcenter1pca0.0005
2373890	2373890	SIRcenter1pca0.0005
1650120	1650120	SIRcenter1pca0.0005
3027637	3027637	SIRcenter1pca0.0005
5996833	5996833	SIRcenter1pca0.0005
4214582	4214582	SIRcenter1pca0.0005
5583759	5583759	SIRcenter1pca0.0005
3815700	3815700	SIRcenter1pca0.0005
1185286	1185286	SIRcenter1pca0.0005
1301833	1301833	SIRcenter1pca0.0005
1143718	1143718	SIRcenter1pca0.0005
3999438	3999438	SIRcenter1pca0.0005
1068926	1068926	SIRcenter1pca0.0005
2477522	2477522	SIRcenter1pca0.0005
1709780	1709780	SIRcenter1pca0.0005
1449717	1449717	SIRcenter1pca0.0005
1741466	1741466	SIRcenter1pca0.0005
3466708	3466708	SIRcenter1pca0.0005
5496739	5496739	SIRcenter1pca0.0005
1693444	1693444	SIRcenter1pca0.0005
2978477	2978477	SIRcenter1pca0.0005
2475164	2475164	SIRcenter1pca0.0005
4540264	4540264	SIRcenter1pca0.0005
3354845	3354845	SIRcenter1pca0.0005
2823370	2823370	SIRcenter1pca0.0005
3906862	3906862	SIRcenter1pca0.0005
1623974	1623974	SIRcenter1pca0.0005
2859552	2859552	SIRcenter1pca0.0005
1541023	1541023	SIRcenter1pca0.0005
4835128	4835128	SIRcenter1pca0.0005
4876528	4876528	SIRcenter1pca0.0005
5113017	5113017	SIRcenter1pca0.0005
5422967	5422967	SIRcenter1pca0.0005
4421027	4421027	SIRcenter1pca0.0005
3287182	3287182	SIRcenter1pca0.0005
1098060	1098060	SIRcenter1pca0.0005
1817432	1817432	SIRcenter1pca0.0005
1491393	1491393	SIRcenter1pca0.0005
1504660	1504660	SIRcenter1pca0.0005
1379210	1379210	SIRcenter1pca0.0005
4775947	4775947	SIRcenter1pca0.0005
5533591	5533591	SIRcenter1pca0.0005
3305349	3305349	SIRcenter1pca0.0005
5612260	5612260	SIRcenter1pca0.0005
2389058	2389058	SIRcenter1pca0.0005
3325221	3325221	SIRcenter1pca0.0005
2797389	2797389	SIRcenter1pca0.0005
2472226	2472226	SIRcenter1pca0.0005
3697802	3697802	SIRcenter1pca0.0005
2899075	2899075	SIRcenter1pca0.0005
1217554	1217554	SIRcenter1pca0.0005
3463069	3463069	SIRcenter1pca0.0005
3712049	3712049	SIRcenter1pca0.0005
1518157	1518157	SIRcenter1pca0.0005
4616651	4616651	SIRcenter1pca0.0005
1100015	1100015	SIRcenter1pca0.0005
5044962	5044962	SIRcenter1pca0.0005
5848587	5848587	SIRcenter1pca0.0005
1951451	1951451	SIRcenter1pca0.0005
5060524	5060524	SIRcenter1pca0.0005
1412016	1412016	SIRcenter1pca0.0005
5363379	5363379	SIRcenter1pca0.0005
2505340	2505340	SIRcenter1pca0.0005
2960609	2960609	SIRcenter1pca0.0005
1265984	1265984	SIRcenter1pca0.0005
2343070	2343070	SIRcenter1pca0.0005
1918737	1918737	SIRcenter1pca0.0005
4007188	4007188	SIRcenter1pca0.0005
1182961	1182961	SIRcenter1pca0.0005
1701498	1701498	SIRcenter1pca0.0005
2152858	2152858	SIRcenter1pca0.0005
5528683	5528683	SIRcenter1pca0.0005
5604437	5604437	SIRcenter1pca0.0005
1978941	1978941	SIRcenter1pca0.0005
4331758	4331758	SIRcenter1pca0.0005
3912407	3912407	SIRcenter1pca0.0005
2757769	2757769	SIRcenter1pca0.0005
4271652	4271652	SIRcenter1pca0.0005
5534010	5534010	SIRcenter1pca0.0005
1051681	1051681	SIRcenter1pca0.0005
2309578	2309578	SIRcenter1pca0.0005
3965481	3965481	SIRcenter1pca0.0005
3043468	3043468	SIRcenter1pca0.0005
1473030	1473030	SIRcenter1pca0.0005
5349656	5349656	SIRcenter1pca0.0005
6021060	6021060	SIRcenter1pca0.0005
2866953	2866953	SIRcenter1pca0.0005
5311860	5311860	SIRcenter1pca0.0005
4495940	4495940	SIRcenter1pca0.0005
3216133	3216133	SIRcenter1pca0.0005
1764509	1764509	SIRcenter1pca0.0005
4893024	4893024	SIRcenter1pca0.0005
5060180	5060180	SIRcenter1pca0.0005
5714571	5714571	SIRcenter1pca0.0005
3914301	3914301	SIRcenter1pca0.0005
4388271	4388271	SIRcenter1pca0.0005
5513046	5513046	SIRcenter1pca0.0005
3667533	3667533	SIRcenter1pca0.0005
2482198	2482198	SIRcenter1pca0.0005
1318038	1318038	SIRcenter1pca0.0005
1608240	1608240	SIRcenter1pca0.0005
3250885	3250885	SIRcenter1pca0.0005
3647219	3647219	SIRcenter1pca0.0005
4167526	4167526	SIRcenter1pca0.0005
1684351	1684351	SIRcenter1pca0.0005
4148323	4148323	SIRcenter1pca0.0005
1465049	1465049	SIRcenter1pca0.0005
4459447	4459447	SIRcenter1pca0.0005
3725032	3725032	SIRcenter1pca0.0005
1617315	1617315	SIRcenter1pca0.0005
3580439	3580439	SIRcenter1pca0.0005
3952049	3952049	SIRcenter1pca0.0005
3634683	3634683	SIRcenter1pca0.0005
1672423	1672423	SIRcenter1pca0.0005
1311253	1311253	SIRcenter1pca0.0005
4530496	4530496	SIRcenter1pca0.0005
5865849	5865849	SIRcenter1pca0.0005
2807712	2807712	SIRcenter1pca0.0005
3166693	3166693	SIRcenter1pca0.0005
4866852	4866852	SIRcenter1pca0.0005
4361241	4361241	SIRcenter1pca0.0005
5911759	5911759	SIRcenter1pca0.0005
4403036	4403036	SIRcenter1pca0.0005
4138463	4138463	SIRcenter1pca0.0005
2320982	2320982	SIRcenter1pca0.0005
1353094	1353094	SIRcenter1pca0.0005
4452015	4452015	SIRcenter1pca0.0005
2613931	2613931	SIRcenter1pca0.0005
5704557	5704557	SIRcenter1pca0.0005
4964375	4964375	SIRcenter1pca0.0005
3382629	3382629	SIRcenter1pca0.0005
5208989	5208989	SIRcenter1pca0.0005
3399274	3399274	SIRcenter1pca0.0005
4286831	4286831	SIRcenter1pca0.0005
5481165	5481165	SIRcenter1pca0.0005
3327236	3327236	SIRcenter1pca0.0005
1727615	1727615	SIRcenter1pca0.0005
5303281	5303281	SIRcenter1pca0.0005
1100716	1100716	SIRcenter1pca0.0005
2905296	2905296	SIRcenter1pca0.0005
4797729	4797729	SIRcenter1pca0.0005
4341310	4341310	SIRcenter1pca0.0005
4140084	4140084	SIRcenter1pca0.0005
4537198	4537198	SIRcenter1pca0.0005
5120172	5120172	SIRcenter1pca0.0005
2225974	2225974	SIRcenter1pca0.0005
4452292	4452292	SIRcenter1pca0.0005
5328755	5328755	SIRcenter1pca0.0005
1251532	1251532	SIRcenter1pca0.0005
5788664	5788664	SIRcenter1pca0.0005
2048544	2048544	SIRcenter1pca0.0005
4631567	4631567	SIRcenter1pca0.0005
3658532	3658532	SIRcenter1pca0.0005
1181856	1181856	SIRcenter1pca0.0005
5212563	5212563	SIRcenter1pca0.0005
2691390	2691390	SIRcenter1pca0.0005
1535980	1535980	SIRcenter1pca0.0005
1004053	1004053	SIRcenter1pca0.0005
4646411	4646411	SIRcenter1pca0.0005
1634429	1634429	SIRcenter1pca0.0005
4065980	4065980	SIRcenter1pca0.0005
2272012	2272012	SIRcenter1pca0.0005
2330592	2330592	SIRcenter1pca0.0005
2286387	2286387	SIRcenter1pca0.0005
2234202	2234202	SIRcenter1pca0.0005
4323965	4323965	SIRcenter1pca0.0005
3766409	3766409	SIRcenter1pca0.0005
4048581	4048581	SIRcenter1pca0.0005
2486289	2486289	SIRcenter1pca0.0005
4105636	4105636	SIRcenter1pca0.0005
2487715	2487715	SIRcenter1pca0.0005
5718035	5718035	SIRcenter1pca0.0005
4923317	4923317	SIRcenter1pca0.0005
3809197	3809197	SIRcenter1pca0.0005
1923643	1923643	SIRcenter1pca0.0005
1731715	1731715	SIRcenter1pca0.0005
4982330	4982330	SIRcenter1pca0.0005
4305745	4305745	SIRcenter1pca0.0005
5218629	5218629	SIRcenter1pca0.0005
1669793	1669793	SIRcenter1pca0.0005
3178997	3178997	SIRcenter1pca0.0005
1107284	1107284	SIRcenter1pca0.0005
1881149	1881149	SIRcenter1pca0.0005
5073276	5073276	SIRcenter1pca0.0005
4938508	4938508	SIRcenter1pca0.0005
5763084	5763084	SIRcenter1pca0.0005
1366551	1366551	SIRcenter1pca0.0005
3105663	3105663	SIRcenter1pca0.0005
5072119	5072119	SIRcenter1pca0.0005
3165121	3165121	SIRcenter1pca0.0005
5050325	5050325	SIRcenter1pca0.0005
4061000	4061000	SIRcenter1pca0.0005
1163040	1163040	SIRcenter1pca0.0005
1653678	1653678	SIRcenter1pca0.0005
4341815	4341815	SIRcenter1pca0.0005
3853599	3853599	SIRcenter1pca0.0005
1260620	1260620	SIRcenter1pca0.0005
3691005	3691005	SIRcenter1pca0.0005
3685988	3685988	SIRcenter1pca0.0005
4700177	4700177	SIRcenter1pca0.0005
4046969	4046969	SIRcenter1pca0.0005
1618812	1618812	SIRcenter1pca0.0005
4813390	4813390	SIRcenter1pca0.0005
1101960	1101960	SIRcenter1pca0.0005
2939694	2939694	SIRcenter1pca0.0005
5272504	5272504	SIRcenter1pca0.0005
1480886	1480886	SIRcenter1pca0.0005
4240945	4240945	SIRcenter1pca0.0005
5294312	5294312	SIRcenter1pca0.0005
4997334	4997334	SIRcenter1pca0.0005
2354799	2354799	SIRcenter1pca0.0005
2031376	2031376	SIRcenter1pca0.0005
2006294	2006294	SIRcenter1pca0.0005
4077004	4077004	SIRcenter1pca0.0005
3387644	3387644	SIRcenter1pca0.0005
4466326	4466326	SIRcenter1pca0.0005
5338660	5338660	SIRcenter1pca0.0005
2744969	2744969	SIRcenter1pca0.0005
3506129	3506129	SIRcenter1pca0.0005
5281503	5281503	SIRcenter1pca0.0005
2850294	2850294	SIRcenter1pca0.0005
3864916	3864916	SIRcenter1pca0.0005
2646716	2646716	SIRcenter1pca0.0005
5024358	5024358	SIRcenter1pca0.0005
4726151	4726151	SIRcenter1pca0.0005
1748958	1748958	SIRcenter1pca0.0005
1289681	1289681	SIRcenter1pca0.0005
5715333	5715333	SIRcenter1pca0.0005
3103454	3103454	SIRcenter1pca0.0005
1703329	1703329	SIRcenter1pca0.0005
5730450	5730450	SIRcenter1pca0.0005
2028416	2028416	SIRcenter1pca0.0005
1599939	1599939	SIRcenter1pca0.0005
5402063	5402063	SIRcenter1pca0.0005
2924916	2924916	SIRcenter1pca0.0005
3882673	3882673	SIRcenter1pca0.0005
5434301	5434301	SIRcenter1pca0.0005
4718487	4718487	SIRcenter1pca0.0005
5580862	5580862	SIRcenter1pca0.0005
1022986	1022986	SIRcenter1pca0.0005
1135358	1135358	SIRcenter1pca0.0005
4264899	4264899	SIRcenter1pca0.0005
1072439	1072439	SIRcenter1pca0.0005
1775628	1775628	SIRcenter1pca0.0005
1331337	1331337	SIRcenter1pca0.0005
5529768	5529768	SIRcenter1pca0.0005
2255625	2255625	SIRcenter1pca0.0005
3663314	3663314	SIRcenter1pca0.0005
1085658	1085658	SIRcenter1pca0.0005
4600287	4600287	SIRcenter1pca0.0005
5848587	5848587	SIRcenter1pca0.0005
5977585	5977585	SIRcenter1pca0.0005
1008455	1008455	SIRcenter1pca0.0005
1360686	1360686	SIRcenter1pca0.0005
5328392	5328392	SIRcenter1pca0.0005
4209397	4209397	SIRcenter1pca0.0005
1710423	1710423	SIRcenter1pca0.0005
3155998	3155998	SIRcenter1pca0.0005
3571226	3571226	SIRcenter1pca0.0005
3952049	3952049	SIRcenter1pca0.0005
4193150	4193150	SIRcenter1pca0.0005
2249197	2249197	SIRcenter1pca0.0005
2691202	2691202	SIRcenter1pca0.0005
4132266	4132266	SIRcenter1pca0.0005
3728416	3728416	SIRcenter1pca0.0005
5929396	5929396	SIRcenter1pca0.0005
2171690	2171690	SIRcenter1pca0.0005
4343015	4343015	SIRcenter1pca0.0005
5059122	5059122	SIRcenter1pca0.0005
2374324	2374324	SIRcenter1pca0.0005
4075305	4075305	SIRcenter1pca0.0005
2028675	2028675	SIRcenter1pca0.0005
2112763	2112763	SIRcenter1pca0.0005
3085228	3085228	SIRcenter1pca0.0005
1938260	1938260	SIRcenter1pca0.0005
5750972	5750972	SIRcenter1pca0.0005
2489334	2489334	SIRcenter1pca0.0005
3661131	3661131	SIRcenter1pca0.0005
1734780	1734780	SIRcenter1pca0.0005
4848235	4848235	SIRcenter1pca0.0005
3677877	3677877	SIRcenter1pca0.0005
4432297	4432297	SIRcenter1pca0.0005
5116380	5116380	SIRcenter1pca0.0005
3738013	3738013	SIRcenter1pca0.0005
5526211	5526211	SIRcenter1pca0.0005
4784838	4784838	SIRcenter1pca0.0005
1324122	1324122	SIRcenter1pca0.0005
5918600	5918600	SIRcenter1pca0.0005
1317490	1317490	SIRcenter1pca0.0005
3244758	3244758	SIRcenter1pca0.0005
4270168	4270168	SIRcenter1pca0.0005
3148986	3148986	SIRcenter1pca0.0005
3398073	3398073	SIRcenter1pca0.0005
5312307	5312307	SIRcenter1pca0.0005
1984799	1984799	SIRcenter1pca0.0005
